airplane 0.9011895 148 184 223 272
tenniscourt 0.08470699 113 146 194 195
bridge 0.031000044 225 174 387 350
airplane 0.016875599 229 48 282 86
vehicle 0.01362259 77 157 119 204
ship 0.012622555 281 191 322 246
airplane 0.011932927 151 4 200 43
airplane 0.01121039 234 2 284 39
airplane 0.010453661 281 44 322 83
airplane 0.009974888 76 2 121 43
ship 0.009871254 72 317 122 356
airplane 0.009379028 355 2 399 42
airplane 0.009359391 356 38 397 80
airplane 0.0092146015 40 37 84 77
airplane 0.009058183 121 1 158 55
vehicle 0.008678731 75 113 115 162
vehicle 0.008588088 141 41 197 75
airplane 0.008281881 320 41 363 78
airplane 0.008050374 0 229 82 317
airplane 0.0076314234 278 1 323 40
vehicle 0.0073821805 75 236 121 282
airplane 0.0072022695 357 77 397 121
airplane 0.006770052 310 160 366 203
vehicle 0.0066316137 281 121 331 157
vehicle 0.006553008 202 72 250 119
airplane 0.0065475996 316 78 362 120
vehicle 0.006509069 154 77 200 123
airplane 0.0062826285 2 37 38 79
airplane 0.005957004 357 118 398 161
airplane 0.0059096063 -2 154 81 244
airplane 0.0057099094 39 81 88 122
airplane 0.005431743 -2 312 85 402
vehicle 0.005406938 234 119 279 158
ship 0.005263431 66 366 125 401
airplane 0.0049329014 3 77 39 122
airplane 0.0045465846 0 0 41 42
airplane 0.004210103 356 358 399 401
ship 0.0037795422 270 279 338 317
airplane 0.0030524519 150 322 241 404
ship 0.0025947997 234 320 292 354
ship 0.0025398748 315 232 359 288
ship 0.0024356502 359 315 396 363
bridge 0.0022036731 293 298 466 474
bridge 0.0017911079 12 -65 182 93
airplane 0.0016711408 276 360 325 402
ship 0.0012755181 319 314 362 363
airplane 0.0011666723 355 197 398 242
