airplane 0.99984455 264 85 345 172
airplane 0.9993248 166 79 247 158
airplane 0.019007143 320 323 365 362
airplane 0.015422046 69 117 124 159
airplane 0.013346638 318 358 364 397
airplane 0.011149096 69 81 126 122
airplane 0.008523537 33 358 79 398
airplane 0.007888588 239 97 280 142
airplane 0.00786928 283 318 321 359
airplane 0.007852448 322 276 369 319
airplane 0.007443069 34 318 78 361
airplane 0.007206188 281 358 322 397
airplane 0.006251838 0 77 39 125
airplane 0.0061026565 239 318 281 358
airplane 0.005516738 78 357 120 396
airplane 0.005225197 199 318 242 358
airplane 0.005019266 198 358 241 396
airplane 0.0047407136 239 358 281 396
airplane 0.0046082293 158 357 200 395
airplane 0.004367428 356 356 399 398
vehicle 0.004245105 36 159 81 203
airplane 0.00414409 78 317 120 359
airplane 0.0037731617 117 358 160 395
airplane 0.003763093 75 45 125 79
airplane 0.003386537 158 318 201 359
airplane 0.003330761 37 37 76 76
vehicle 0.0031120721 75 242 122 285
airplane 0.0027871656 0 37 38 78
vehicle 0.002751228 73 200 122 239
airplane 0.0027387985 117 318 160 358
bridge 0.0026436886 -6 56 152 211
airplane 0.0025808548 281 275 321 320
airplane 0.002542922 0 118 47 155
airplane 0.002435466 1 277 41 321
vehicle 0.0022853524 34 242 80 286
airplane 0.002268752 157 153 239 239
vehicle 0.0021116503 197 240 241 289
vehicle 0.0019991545 155 240 201 287
airplane 0.0019317762 236 277 283 321
airplane 0.0017709072 349 243 401 281
vehicle 0.0015156226 34 199 80 242
vehicle 0.0014193726 115 201 161 241
airplane 0.0013352432 357 197 401 237
airplane 0.0013100822 73 1 126 37
airplane 0.0012030755 276 200 323 235
airplane 0.0011064254 2 238 41 284
vehicle 0.0010919075 76 279 123 320
