airplane 0.99996185 35 283 106 357
airplane 0.9999597 121 277 189 347
airplane 0.9995338 201 265 283 360
airplane 0.9993591 304 268 389 365
airplane 0.010731158 316 201 365 241
vehicle 0.0077827377 315 78 363 122
vehicle 0.006392926 236 198 283 238
vehicle 0.0060980334 357 77 397 122
vehicle 0.005088812 315 118 364 163
vehicle 0.0050786855 78 79 123 123
vehicle 0.005030504 317 41 362 79
vehicle 0.004934969 280 43 325 79
airplane 0.0049232794 356 0 399 42
airplane 0.004786857 356 156 397 202
vehicle 0.0041244132 357 117 398 162
vehicle 0.004093041 358 39 398 81
vehicle 0.004068061 285 71 321 128
airplane 0.004031597 2 274 41 325
airplane 0.0038313293 159 104 253 185
vehicle 0.0038268114 238 76 281 121
vehicle 0.0038221118 78 40 120 79
airplane 0.0037628375 318 1 364 40
airplane 0.0032586483 37 40 81 78
vehicle 0.0032046929 156 78 202 123
vehicle 0.0031950136 77 116 124 161
airplane 0.003036078 36 2 82 41
airplane 0.0028883966 34 201 87 249
airplane 0.0028613803 75 2 121 41
vehicle 0.0028071562 37 78 83 121
vehicle 0.0027132481 118 42 164 78
airplane 0.0026317365 277 1 324 40
vehicle 0.0025274865 238 42 281 79
vehicle 0.002422016 199 42 244 80
airplane 0.002331453 1 38 39 80
airplane 0.0019090481 92 -25 419 294
airplane 0.0017453291 33 360 86 405
airplane 0.0017058516 1 75 40 121
airplane 0.0016653389 0 0 41 42
airplane 0.0016096146 117 2 164 42
airplane 0.0014889607 236 0 283 41
airplane 0.0014106567 37 116 84 164
vehicle 0.0013004143 152 199 201 239
vehicle 0.0012844196 77 244 143 296
airplane 0.0011914877 34 156 87 202
