airplane 0.98679394 347 82 388 131
airplane 0.9611055 233 159 282 221
airplane 0.7917883 181 212 229 263
bridge 0.027892405 20 30 181 169
airplane 0.023716033 33 316 76 361
airplane 0.020895563 27 278 72 323
airplane 0.012986793 34 357 80 398
airplane 0.012147307 237 42 283 81
airplane 0.010462168 355 41 398 82
airplane 0.010186967 79 318 122 360
airplane 0.00885588 76 357 122 396
airplane 0.007702543 279 318 320 358
airplane 0.0076661436 322 320 363 361
airplane 0.0071201473 237 1 285 41
airplane 0.0067122383 279 0 327 40
airplane 0.0066700587 -3 356 42 399
airplane 0.0063337907 319 358 363 397
airplane 0.006211465 279 39 322 78
airplane 0.0057907016 315 240 361 279
airplane 0.0056936922 357 161 398 201
airplane 0.005245573 319 281 362 321
airplane 0.0050158785 279 357 322 395
airplane 0.0042967186 358 198 398 241
airplane 0.004187303 115 358 161 395
airplane 0.00407692 80 282 126 322
airplane 0.003892134 311 161 362 203
airplane 0.0037948035 275 280 321 319
airplane 0.0036002675 199 38 241 81
airplane 0.0035615666 357 357 398 399
airplane 0.0035365229 157 40 201 82
airplane 0.0034248093 358 240 398 279
airplane 0.003418603 31 240 77 284
airplane 0.0032869172 358 319 396 359
airplane 0.0031128621 198 1 244 41
airplane 0.0030423312 314 196 362 239
airplane 0.0030161291 239 356 282 394
airplane 0.002947286 355 0 399 42
airplane 0.0028714382 158 357 201 395
airplane 0.0026929216 242 318 284 358
vehicle 0.0026575436 70 202 125 244
airplane 0.0024260897 198 357 241 395
airplane 0.0022394336 156 2 202 40
airplane 0.002207601 357 280 397 320
ship 0.0021528301 65 45 125 77
vehicle 0.0021511335 75 237 125 277
airplane 0.0019181874 75 3 122 38
airplane 0.0019051388 278 78 321 125
airplane 0.0017086432 116 1 163 38
airplane 0.0015368053 37 3 81 39
airplane 0.0015054202 241 239 287 280
airplane 0.0014667636 158 317 198 358
airplane 0.0014612657 116 42 163 82
airplane 0.001250761 200 317 240 359
airplane 0.001222132 0 1 40 42
