airplane 0.99934644 21 70 128 177
airplane 0.99926287 144 77 245 188
airplane 0.9987185 253 81 353 181
airplane 0.017829563 314 4 363 48
airplane 0.015831685 359 -2 396 52
airplane 0.0140276 319 358 363 398
airplane 0.013884113 277 358 321 398
airplane 0.012003307 193 0 246 42
airplane 0.009936673 37 358 80 398
vehicle 0.009027474 277 236 325 284
airplane 0.008799456 77 357 121 397
airplane 0.007656182 319 323 361 361
airplane 0.0065115523 -1 357 41 399
airplane 0.0063348147 37 319 79 362
airplane 0.0051314253 357 357 399 399
airplane 0.0047593047 0 318 39 362
airplane 0.00473752 138 -65 318 75
vehicle 0.004674103 360 233 397 289
airplane 0.0045909383 73 0 120 44
airplane 0.004486985 358 321 398 361
vehicle 0.004329662 78 234 120 284
airplane 0.003937124 117 356 163 398
airplane 0.0038108903 237 358 283 400
airplane 0.0035977194 155 2 202 45
airplane 0.0034713666 78 320 120 361
airplane 0.0034671845 275 323 321 360
vehicle 0.002811852 317 278 363 316
vehicle 0.002621962 116 238 161 285
vehicle 0.0024596925 273 279 324 316
vehicle 0.002315666 155 238 203 289
vehicle 0.0023033032 237 237 285 287
airplane 0.0020780128 276 203 327 239
airplane 0.0016522227 357 111 402 168
vehicle 0.0016196907 32 233 80 282
airplane 0.0015680306 -1 279 41 321
vehicle 0.0015660612 200 239 244 289
vehicle 0.0014757336 77 280 124 319
bridge 0.0014291792 -42 186 231 350
airplane 0.0013637922 196 358 243 403
airplane 0.0013402426 157 357 204 401
airplane 0.0011610979 33 280 80 320
airplane 0.0011284197 112 3 160 43
