airplane 0.99960274 292 151 382 242
airplane 0.9995746 185 153 273 253
airplane 0.99930096 52 164 146 264
airplane 0.015256536 317 80 363 125
airplane 0.011680905 73 77 129 121
airplane 0.010281958 0 76 42 123
airplane 0.010157588 194 76 246 119
airplane 0.007726803 1 118 44 163
airplane 0.007519263 81 41 127 82
airplane 0.0074982224 73 120 132 157
airplane 0.0053147958 276 78 323 121
airplane 0.005195775 190 4 246 38
airplane 0.0050786273 0 38 40 81
airplane 0.005074641 73 4 129 38
airplane 0.0047149044 356 36 397 81
airplane 0.0046922956 38 77 80 124
airplane 0.004366437 355 0 399 42
airplane 0.0043196254 318 358 364 396
airplane 0.0040793526 39 37 78 82
airplane 0.003524284 198 38 242 82
airplane 0.0034627686 155 76 199 120
airplane 0.002951034 120 -1 156 51
airplane 0.0029408743 276 1 323 41
airplane 0.00277015 33 358 80 398
airplane 0.002506183 320 281 366 319
airplane 0.0024524902 357 357 398 398
airplane 0.0023595474 321 38 361 80
airplane 0.002309104 196 119 251 155
airplane 0.002166094 242 36 284 81
airplane 0.0021012991 0 155 43 207
airplane 0.0019761834 36 2 80 42
airplane 0.0019319638 162 38 202 82
airplane 0.0018365189 77 356 123 395
airplane 0.0016920519 279 356 322 394
airplane 0.0016823354 320 318 364 362
airplane 0.0016732486 0 1 42 43
airplane 0.0015597942 277 39 320 80
airplane 0.0013604932 37 313 81 360
airplane 0.0013234793 356 121 401 163
airplane 0.0013221634 314 240 370 279
airplane 0.0012887297 1 316 42 362
airplane 0.001180449 358 317 397 360
airplane 0.0010850964 77 311 121 360
