airplane 0.99965847 52 142 112 198
airplane 0.013699286 69 80 128 118
airplane 0.012840777 318 359 365 398
airplane 0.012078266 320 322 365 362
vehicle 0.012039449 314 43 374 74
airplane 0.0114126345 319 3 366 40
vehicle 0.011039081 281 159 324 201
vehicle 0.010942379 317 200 366 241
vehicle 0.010787441 280 198 324 240
vehicle 0.010760592 316 241 364 283
vehicle 0.010729574 317 160 367 201
vehicle 0.010497864 281 116 325 159
vehicle 0.010414023 281 75 324 120
airplane 0.009936062 75 40 121 81
vehicle 0.009668459 317 118 367 160
vehicle 0.00957421 280 39 322 78
vehicle 0.009238183 279 240 323 282
vehicle 0.008994788 317 279 364 321
vehicle 0.008450748 278 277 323 319
vehicle 0.008183869 237 77 283 120
airplane 0.007659131 278 2 323 40
airplane 0.0074833287 281 319 322 358
airplane 0.0073975814 280 358 323 398
airplane 0.006988921 -1 309 83 395
vehicle 0.0069577936 238 40 282 77
vehicle 0.006538961 236 117 283 157
airplane 0.00645802 4 232 81 324
vehicle 0.0063847895 238 279 283 322
vehicle 0.005613525 362 235 396 286
airplane 0.005610228 237 3 283 41
airplane 0.0055773677 147 8 250 79
ship 0.005349342 69 318 178 387
airplane 0.0053171916 71 4 127 37
vehicle 0.005095535 237 160 283 200
vehicle 0.0049866284 238 317 282 356
vehicle 0.00497158 237 199 283 240
vehicle 0.0046184747 362 155 396 205
bridge 0.004502674 97 3 419 315
vehicle 0.004184642 237 239 283 281
airplane 0.0041409195 38 38 82 81
vehicle 0.0040385765 357 278 397 321
vehicle 0.0039365813 198 78 243 121
vehicle 0.0036477786 362 74 396 125
airplane 0.0034566396 -1 81 74 163
ship 0.0032109027 145 245 256 318
airplane 0.0031557025 238 360 283 399
airplane 0.0026905125 115 41 160 79
airplane 0.0025273387 1 37 40 80
bridge 0.0022115475 211 266 376 420
airplane 0.0018937791 0 0 42 42
vehicle 0.0010275778 202 195 238 249
