airplane 0.9990557 131 245 249 344
airplane 0.015915276 321 319 365 361
airplane 0.011920284 274 356 322 393
airplane 0.01184809 314 39 363 78
airplane 0.011383991 317 4 365 41
airplane 0.01040713 274 319 321 361
vehicle 0.008738591 277 282 325 323
airplane 0.008571596 320 358 365 397
vehicle 0.008354644 313 119 364 162
airplane 0.008174948 37 79 80 123
vehicle 0.007876312 313 78 363 121
airplane 0.0076941764 319 281 368 321
airplane 0.0076868543 36 33 82 76
vehicle 0.0071577914 315 159 367 201
vehicle 0.0070961965 281 239 328 279
vehicle 0.007079541 78 115 126 159
vehicle 0.0069469856 316 200 367 243
airplane 0.006656582 1 78 42 122
airplane 0.0065873186 357 38 397 81
vehicle 0.0058018942 160 114 203 160
airplane 0.0055619227 34 200 83 245
airplane 0.0052862186 0 317 43 360
vehicle 0.0048788544 158 159 203 205
airplane 0.004878327 2 35 42 79
airplane 0.0048753275 1 279 43 324
vehicle 0.004552413 359 235 397 285
airplane 0.004470888 34 239 84 288
airplane 0.004447195 357 77 398 122
airplane 0.00440852 -2 358 42 400
airplane 0.0041737095 37 116 80 163
vehicle 0.0039190208 157 75 203 121
vehicle 0.0037502525 75 160 124 201
vehicle 0.0033619117 196 117 246 158
airplane 0.0031097592 235 357 282 393
airplane 0.0030337267 2 115 41 160
airplane 0.0030200446 81 354 124 394
airplane 0.0029776276 34 159 81 202
airplane 0.0028907172 1 236 41 282
vehicle 0.0028024726 195 76 248 120
airplane 0.002517248 154 358 205 395
airplane 0.0023117387 156 3 204 42
airplane 0.0023033558 76 36 121 78
vehicle 0.0020940339 158 38 203 79
airplane 0.0020716477 117 2 162 43
airplane 0.0018486397 1 197 40 242
airplane 0.0016249231 197 41 245 80
airplane 0.001370052 1 156 40 201
bridge 0.0013051734 20 55 184 205
vehicle 0.0011391807 75 276 119 330
vehicle 0.0010976901 238 159 279 201
vehicle 0.0010519355 117 38 159 80
bridge 0.0010106296 224 227 381 377
