airplane 0.99994206 306 254 372 317
airplane 0.99991524 223 261 281 322
airplane 0.9984282 54 122 127 212
airplane 0.9984131 172 180 265 260
vehicle 0.021320984 303 42 368 78
airplane 0.014737439 312 3 366 40
vehicle 0.0097848 313 75 366 120
airplane 0.008994333 316 195 364 236
airplane 0.0054485304 196 116 248 157
airplane 0.0051242253 355 160 397 205
airplane 0.004420562 313 316 402 398
airplane 0.004382349 316 119 366 159
airplane 0.003766053 3 77 45 123
airplane 0.0037230279 6 246 102 327
airplane 0.002990906 34 359 81 400
airplane 0.00296764 76 40 120 82
airplane 0.0028285177 237 77 280 125
ship 0.0025197254 35 317 80 358
airplane 0.0025019562 1 39 41 83
airplane 0.002438769 71 77 126 117
airplane 0.0021047967 356 200 401 241
airplane 0.002040602 237 0 281 40
airplane 0.0020330662 285 -2 321 50
vehicle 0.0020182915 238 39 278 80
bridge 0.0019677298 149 32 304 177
airplane 0.001950926 39 41 81 82
airplane 0.001772709 75 360 120 398
ship 0.0014081904 76 316 120 356
airplane 0.0013359478 197 2 245 41
ship 0.0011100122 3 315 40 363
airplane 0.0010721976 72 3 128 38
