airplane 0.9999244 125 21 191 82
airplane 0.9998704 250 163 321 243
airplane 0.999713 118 327 197 390
basketball 0.16128133 312 230 345 291
storagetank 0.02578502 355 238 399 279
storagetank 0.021270469 321 278 359 319
airplane 0.015994828 312 160 394 240
airplane 0.014381843 0 320 44 368
airplane 0.014307875 35 283 84 329
airplane 0.014043957 352 116 400 161
storagetank 0.012860249 356 277 398 319
airplane 0.011062955 76 241 123 284
airplane 0.010347002 354 39 396 80
airplane 0.010020015 33 241 83 285
airplane 0.00859136 353 2 398 42
airplane 0.008412835 0 279 43 324
airplane 0.007902494 13 152 90 240
airplane 0.006409859 149 160 236 243
airplane 0.004695824 234 246 286 286
airplane 0.004540541 9 86 81 165
airplane 0.0044633215 278 113 327 155
airplane 0.0043791253 76 193 121 238
airplane 0.003706964 233 3 285 42
airplane 0.0036666077 81 350 125 399
airplane 0.0036587685 115 74 170 116
airplane 0.0036456906 0 4 83 88
airplane 0.003155788 233 38 285 79
airplane 0.0028109015 283 277 323 318
vehicle 0.0027329505 117 278 174 332
airplane 0.0022297641 115 193 160 239
airplane 0.0020798726 155 237 204 283
airplane 0.001993388 232 77 286 123
airplane 0.0015213969 278 38 320 80
airplane 0.0013166933 155 121 206 161
airplane 0.0012069386 234 318 283 363
airplane 0.0011703394 114 118 160 157
airplane 0.0010935111 230 356 282 397
