airplane 0.9998447 188 240 258 305
airplane 0.99754435 244 185 281 220
airplane 0.9972362 137 301 190 352
airplane 0.042067297 281 158 334 208
airplane 0.025938677 153 164 239 248
vehicle 0.019971605 35 157 85 205
airplane 0.013768442 237 315 324 394
airplane 0.013437146 77 44 126 82
airplane 0.013233602 37 37 77 79
airplane 0.0110972505 75 3 123 40
airplane 0.0105322115 37 318 82 363
airplane 0.009943162 68 246 164 325
airplane 0.009518196 34 3 79 41
airplane 0.009341723 309 240 397 327
airplane 0.009245226 38 278 84 325
airplane 0.008860167 39 75 81 124
vehicle 0.008573022 359 152 394 209
airplane 0.00849572 117 2 163 40
airplane 0.008491777 37 240 85 285
airplane 0.008141072 55 88 186 169
airplane 0.007644583 1 36 39 78
airplane 0.0068909037 36 356 82 399
vehicle 0.0068892823 314 42 369 73
vehicle 0.0065272874 241 42 282 79
vehicle 0.0059501803 280 42 321 78
airplane 0.0058936295 0 76 39 123
airplane 0.005734274 -2 356 42 399
airplane 0.0054287375 156 3 202 41
vehicle 0.0052981717 199 42 242 79
vehicle 0.0052663153 239 74 279 121
vehicle 0.00500331 195 77 241 127
airplane 0.0046161865 0 318 42 362
airplane 0.0043421555 320 4 365 41
tenniscourt 0.004110667 230 134 283 187
ship 0.0033442066 361 35 396 83
airplane 0.0032284278 0 277 40 323
airplane 0.003141844 197 3 242 42
vehicle 0.0029143253 318 77 364 117
storagetank 0.0028518056 239 213 292 263
airplane 0.0028075515 279 4 324 42
vehicle 0.0027951808 278 77 323 115
airplane 0.0026775377 312 123 368 163
airplane 0.0026584321 239 4 284 42
vehicle 0.0025656535 2 153 40 207
airplane 0.0021475898 0 238 39 282
bridge 0.0015780885 249 -11 422 142
airplane 0.0012550624 -85 313 123 448
vehicle 0.0012054179 312 190 367 234
