airplane 0.9993855 299 187 378 275
airplane 0.99871826 190 145 285 248
ship 0.01761385 238 318 290 356
ship 0.0147180855 186 317 245 356
airplane 0.0145669095 311 117 362 159
vehicle 0.0140265385 69 276 118 324
airplane 0.010109924 316 80 364 125
vehicle 0.0092413565 236 77 283 121
airplane 0.0087309405 319 4 365 41
airplane 0.00811213 0 275 41 325
vehicle 0.007867791 240 40 283 81
airplane 0.0075068283 355 119 400 165
airplane 0.0072825523 165 240 257 318
airplane 0.0071039284 278 3 323 41
airplane 0.0070875674 238 0 285 40
vehicle 0.0069650253 315 41 372 72
ship 0.0062364936 115 276 157 323
airplane 0.0061524087 35 360 83 400
vehicle 0.005963892 75 196 124 237
vehicle 0.005939988 75 118 121 163
vehicle 0.005261751 280 37 322 77
vehicle 0.005210065 200 42 244 84
vehicle 0.0051777423 73 77 121 119
vehicle 0.0047808206 115 78 163 119
airplane 0.0047371513 -2 358 42 401
bridge 0.0045784866 172 -19 347 142
airplane 0.004553798 196 0 243 39
vehicle 0.004372588 74 318 121 358
vehicle 0.003461995 36 316 81 357
vehicle 0.0026704625 157 77 198 119
vehicle 0.0026547972 77 39 123 77
airplane 0.002611121 113 1 163 40
airplane 0.002549042 316 158 369 200
ship 0.0022608978 2 192 40 244
airplane 0.002179599 156 -1 202 39
vehicle 0.002052124 159 40 199 81
vehicle 0.002018578 113 123 165 165
bridge 0.0017011927 -11 80 205 274
airplane 0.001602423 36 198 80 240
airplane 0.0015095721 239 281 284 319
airplane 0.0012325036 323 321 366 361
