airplane 0.99946517 209 230 270 282
ship 0.04893446 14 322 58 371
harbor 0.036473837 286 128 368 224
bridge 0.026407253 112 159 232 263
ship 0.011977226 39 280 76 330
ship 0.010462513 41 192 83 255
airplane 0.008962546 41 78 87 124
airplane 0.00835694 27 363 83 397
airplane 0.007996637 354 1 398 41
vehicle 0.0072761048 195 45 250 78
airplane 0.0071798456 321 42 366 81
airplane 0.006016577 78 313 118 356
vehicle 0.0056592003 313 76 366 119
bridge 0.005249466 -22 264 141 418
airplane 0.004892358 38 37 83 76
airplane 0.0047625806 310 233 399 319
airplane 0.0047469204 196 119 244 161
vehicle 0.004666288 280 44 322 83
airplane 0.004601056 1 76 39 121
airplane 0.004380635 237 1 284 39
vehicle 0.0042917645 154 39 200 78
vehicle 0.004023571 199 73 244 117
airplane 0.0039968616 77 360 121 400
airplane 0.0039037091 277 0 323 37
vehicle 0.003627444 156 77 203 120
airplane 0.003329038 324 -1 359 48
airplane 0.0032188748 76 1 120 42
airplane 0.0032103977 2 282 44 323
airplane 0.0030953076 77 38 118 78
airplane 0.0030577192 1 37 40 78
airplane 0.0029658503 117 4 164 43
ship 0.0025691811 314 254 342 275
airplane 0.0025392529 35 2 82 41
airplane 0.0024208273 154 117 204 158
airplane 0.0023813944 317 319 366 357
airplane 0.0023708977 160 317 249 397
airplane 0.0019568065 1 115 39 160
vehicle 0.0019538528 79 76 117 133
bridge 0.0018066294 -19 21 221 188
airplane 0.0017753873 114 312 161 350
vehicle 0.0017063853 115 79 161 123
airplane 0.0016476489 317 360 365 399
baseball 0.0012135861 355 155 397 206
