baseball 0.99870217 222 130 291 207
baseball 0.996126 310 89 383 165
bridge 0.09881112 195 233 284 319
vehicle 0.019103466 241 39 284 86
ship 0.017010393 38 266 82 324
airplane 0.010306273 38 39 81 79
airplane 0.009560374 37 3 82 42
vehicle 0.009492921 152 42 204 76
bridge 0.008963079 181 -19 344 128
vehicle 0.008363316 70 157 117 202
bridge 0.007792878 16 115 197 251
airplane 0.00678343 35 358 82 398
airplane 0.0064033447 39 77 83 122
vehicle 0.0061354833 109 161 170 196
airplane 0.0057276147 115 3 162 42
airplane 0.0056815958 74 41 120 79
airplane 0.00558678 -2 356 41 398
baseball 0.0053024907 352 1 395 45
airplane 0.005034611 0 236 41 286
airplane 0.0048856563 1 38 39 80
vehicle 0.004627438 71 118 117 161
ship 0.004609384 39 195 80 247
vehicle 0.004581304 157 74 202 121
bridge 0.0044857734 15 -18 186 130
vehicle 0.004472102 113 77 162 122
bridge 0.0038372288 267 213 391 305
airplane 0.0037974832 0 0 41 43
airplane 0.0037276894 0 75 39 121
airplane 0.003653188 0 197 40 243
ship 0.0035188156 150 225 214 276
ship 0.0034486072 113 273 162 340
airplane 0.003209708 157 3 202 43
ship 0.003068056 318 324 369 357
baseball 0.0028804603 236 5 284 45
ship 0.0028234113 38 317 82 363
ship 0.0028069334 361 316 397 362
airplane 0.002738327 0 156 40 200
airplane 0.0026841008 -1 319 39 363
ship 0.0025947713 323 276 359 326
airplane 0.0024892408 -1 278 45 319
airplane 0.0024563333 0 117 40 161
storagetank 0.002377919 319 35 366 77
airplane 0.0020461886 115 119 164 160
airplane 0.0016753975 198 3 244 44
baseball 0.0016739514 278 4 325 43
ship 0.0016613235 271 323 326 357
bridge 0.0014213705 -34 311 167 465
airplane 0.0013705257 357 358 400 399
ship 0.0013549376 272 363 327 396
ship 0.0010864809 203 335 232 358
