basketball 0.9999274 48 288 151 341
ship 0.023380905 274 195 325 240
bridge 0.02235653 200 155 383 291
bridge 0.019941883 166 278 258 361
harbor 0.016203009 60 160 167 228
ship 0.015320626 360 36 396 87
groundtrackfield 0.012763243 -91 236 299 515
harbor 0.012276004 138 102 269 165
ship 0.011760878 284 275 317 329
ship 0.011395712 312 43 368 78
harbor 0.010938994 143 3 265 67
airplane 0.0099338535 356 0 400 41
airplane 0.009123409 277 5 323 42
ship 0.007885122 322 276 357 329
ship 0.007643425 271 168 331 200
ship 0.0075661517 322 321 359 367
ship 0.0071861665 362 275 397 324
ship 0.0069129528 363 193 397 244
ship 0.00680562 275 323 329 353
ship 0.0065143127 360 113 396 161
airplane 0.006076413 317 359 365 398
ship 0.0059000673 79 73 118 129
ship 0.0054127397 243 159 280 209
airplane 0.00526068 75 43 124 80
vehicle 0.0052284445 318 73 364 117
ship 0.0051105623 321 190 355 246
bridge 0.0048680734 254 -3 427 149
ship 0.004279582 123 139 150 167
bridge 0.0041395957 243 274 413 437
airplane 0.004121447 71 4 127 37
ship 0.0035886115 360 317 396 362
airplane 0.0035805749 278 359 323 399
ship 0.0035067878 62 122 131 160
harbor 0.0033135877 -1 0 85 80
ship 0.0031598464 284 109 317 159
vehicle 0.0031006623 360 160 400 201
vehicle 0.0030660597 280 73 323 117
airplane 0.002847535 41 76 84 121
vehicle 0.0026090974 236 78 283 120
airplane 0.0025949874 0 76 38 121
vehicle 0.0019990439 112 76 160 118
airplane 0.0019952653 319 119 363 156
ship 0.0019921106 309 243 367 275
groundtrackfield 0.0018888265 -133 -107 336 305
vehicle 0.0015579722 159 76 201 120
harbor 0.0011726225 -1 267 35 330
