baseball 0.99974316 125 168 206 256
bridge 0.050915718 169 27 341 178
bridge 0.042132907 25 21 196 166
ship 0.018122718 358 74 397 124
ship 0.012595459 239 189 284 247
airplane 0.010596728 353 2 400 42
vehicle 0.009766286 359 234 396 287
airplane 0.0076859384 34 358 80 400
harbor 0.0074972394 1 151 68 261
ship 0.0072979257 358 151 396 202
airplane 0.0070713004 317 360 363 399
airplane 0.0062035196 35 318 78 363
airplane 0.0061089243 75 360 122 400
airplane 0.005466093 278 359 322 399
vehicle 0.004908994 356 279 398 321
airplane 0.004811839 149 320 245 398
airplane 0.0045814365 37 277 82 323
airplane 0.004382337 357 357 399 399
airplane 0.00436967 227 237 281 281
airplane 0.0041526416 -3 319 40 362
airplane 0.003992815 78 318 122 361
airplane 0.0038840815 -5 279 41 323
airplane 0.0033158876 357 320 398 360
ship 0.0029697856 80 0 118 54
ship 0.002901295 66 196 118 239
airplane 0.00275194 -1 76 40 122
airplane 0.002643832 35 237 84 283
airplane 0.0024476384 -2 0 41 42
airplane 0.0024048793 -1 37 39 82
airplane 0.0022036426 238 3 287 42
airplane 0.0021838653 319 322 362 360
airplane 0.0019642634 238 358 282 399
ship 0.0019403942 232 44 296 78
airplane 0.0019173477 278 195 324 241
airplane 0.0018348509 235 280 281 319
airplane 0.0015982222 281 319 322 358
airplane 0.0015846066 322 37 363 78
airplane 0.0013885569 115 359 162 399
vehicle 0.001328286 312 242 364 284
airplane 0.0013034268 -3 116 40 160
airplane 0.0012726961 74 280 123 319
airplane 0.0011257275 315 281 362 320
bridge 0.0010816973 298 174 463 349
