baseball 0.9991622 231 156 335 264
baseball 0.99747986 124 71 220 179
bridge 0.14058895 164 273 252 348
bridge 0.093535714 14 135 147 281
bridge 0.043403864 28 41 132 162
harbor 0.027494295 123 7 242 80
ship 0.012152997 357 273 398 326
airplane 0.011543934 350 78 397 123
harbor 0.009759505 227 248 375 372
airplane 0.009548732 354 36 397 83
ship 0.008504272 72 364 127 398
airplane 0.0069918437 355 0 400 42
ship 0.0060247155 71 320 125 355
baseball 0.004378003 275 5 324 45
storagetank 0.0040618 353 117 401 160
bridge 0.004061798 18 263 190 413
storagetank 0.004050062 353 197 401 248
airplane 0.003649647 158 358 203 399
airplane 0.0036287177 34 4 88 44
storagetank 0.0034912787 236 4 283 44
airplane 0.0032821125 229 15 385 170
storagetank 0.0028967916 276 77 322 123
storagetank 0.0026301576 357 159 404 202
airplane 0.002399602 -3 357 41 401
airplane 0.0022514572 197 358 244 399
ship 0.0019085138 38 146 64 169
ship 0.0019029657 39 123 65 148
ship 0.0014655468 40 312 78 359
storagetank 0.0013192904 279 282 326 319
airplane 0.0011582937 1 314 39 361
