baseball 0.99974173 266 124 359 220
baseball 0.99907994 21 248 121 349
groundtrackfield 0.12580161 28 108 215 249
baseball 0.020224234 229 313 330 399
airplane 0.017506106 355 39 398 86
ship 0.016804127 179 39 243 78
storagetank 0.012728574 317 42 362 86
ship 0.008719834 158 274 201 327
ship 0.007340004 69 5 128 40
airplane 0.0066800658 355 -2 399 41
vehicle 0.0065765553 67 42 127 78
ship 0.006281688 235 41 286 79
baseball 0.0049946103 154 5 206 47
airplane 0.0049799583 316 0 362 40
vehicle 0.004185387 119 32 160 82
ship 0.0037749435 358 273 398 329
baseball 0.0037345241 274 238 323 278
storagetank 0.0035708805 353 237 401 279
airplane 0.0035233598 0 39 38 83
bridge 0.0033737477 84 246 450 516
storagetank 0.0033608081 320 79 368 117
tenniscourt 0.0032259955 355 146 396 211
bridge 0.0031982514 257 -29 433 131
bridge 0.0028491695 -24 -10 162 144
airplane 0.0025693339 239 0 283 43
vehicle 0.0025517095 275 273 321 317
airplane 0.0023626676 -1 0 41 42
storagetank 0.002132546 275 80 326 119
ship 0.001785223 243 273 282 325
airplane 0.0015498535 198 278 242 322
airplane 0.0015140813 0 75 39 123
ship 0.0010073027 39 75 82 126
