baseball 0.99894553 266 76 366 180
tenniscourt 0.99706453 38 256 77 321
tenniscourt 0.99415034 34 185 73 245
tenniscourt 0.989618 33 108 71 169
tenniscourt 0.98660827 29 31 68 96
bridge 0.06922119 134 51 236 197
tenniscourt 0.06755839 75 270 119 321
bridge 0.046650313 135 208 302 368
tenniscourt 0.042189468 78 195 122 239
tenniscourt 0.02525739 6 159 50 203
tenniscourt 0.022903988 76 162 127 202
tenniscourt 0.020493215 82 115 124 162
ship 0.01439955 318 232 361 279
baseball 0.011298077 28 0 78 38
ship 0.009717847 320 325 366 361
ship 0.008988682 319 358 366 398
vehicle 0.008839084 235 1 282 38
airplane 0.0071234084 199 1 242 41
groundtrackfield 0.0066860514 -64 83 97 263
tenniscourt 0.0063597634 81 41 122 84
storagetank 0.006081187 277 3 324 45
tenniscourt 0.0056809247 79 79 130 120
airplane 0.0051382924 113 -75 300 77
ship 0.0050168354 361 232 397 288
storagetank 0.0048891534 38 314 66 337
ship 0.0044025304 181 241 246 281
ship 0.0043885806 213 62 268 132
ship 0.004301095 160 231 191 254
groundtrackfield 0.003995456 -65 -65 98 106
airplane 0.0036694778 152 0 202 39
ship 0.0033801347 362 349 396 402
tenniscourt 0.0028572946 76 319 131 356
ship 0.0026405966 161 252 192 273
bridge 0.0023821238 252 276 417 435
ship 0.002281727 324 274 358 324
tenniscourt 0.0021873699 78 0 126 40
storagetank 0.0019212262 0 60 21 87
storagetank 0.0018406879 77 357 124 397
storagetank 0.0016763087 317 1 363 45
ship 0.0015890313 199 354 237 404
tenniscourt 0.0015871578 109 238 155 283
ship 0.001449321 282 228 317 283
tenniscourt 0.0014455084 121 -3 160 47
ship 0.0014259402 164 295 195 316
ship 0.0014130082 164 316 194 338
ship 0.0013904063 163 62 192 85
ship 0.0011638791 162 213 190 233
ship 0.0011507998 162 274 194 295
airplane 0.0010824065 320 204 363 237
storagetank 0.0010155191 0 126 21 150
