baseball 0.9998286 253 49 343 127
bridge 0.018543057 24 100 188 259
ship 0.013229531 185 144 217 170
ship 0.012734591 81 150 118 207
airplane 0.010486167 357 277 398 319
airplane 0.009463164 278 358 323 398
airplane 0.008876858 279 320 321 359
airplane 0.008453705 320 323 360 361
airplane 0.007742686 319 358 362 397
airplane 0.007413105 359 321 399 360
airplane 0.006950332 74 4 127 38
airplane 0.0068075536 77 76 123 119
airplane 0.006671762 2 75 43 121
airplane 0.0065934747 0 278 43 322
airplane 0.0064582247 0 39 41 81
airplane 0.006070924 358 195 401 241
airplane 0.0057823183 237 359 283 398
airplane 0.0054775863 358 241 401 283
airplane 0.0051135593 34 356 81 399
airplane 0.005098297 79 43 122 80
airplane 0.0050674123 318 278 359 318
airplane 0.0050353636 238 318 282 357
airplane 0.0048819254 357 357 399 398
airplane 0.004853459 75 359 121 400
airplane 0.004652563 36 41 79 80
airplane 0.0046075596 0 318 42 362
airplane 0.0042773862 36 319 79 362
airplane 0.0039881435 113 117 160 162
airplane 0.0039681857 152 77 204 120
airplane 0.0039356933 0 237 42 282
airplane 0.0036080044 115 360 163 400
airplane 0.0034950983 354 154 401 199
airplane 0.0034681088 1 116 42 162
airplane 0.003275449 279 278 323 318
airplane 0.003025648 79 283 128 323
airplane 0.00301807 155 359 202 400
airplane 0.0028174582 0 196 42 243
airplane 0.002763021 78 317 124 357
airplane 0.0025266248 196 359 242 399
airplane 0.002501987 37 2 81 42
airplane 0.0024922453 1 156 42 202
airplane 0.0023938469 -1 1 42 43
vehicle 0.0020403622 234 280 283 319
airplane 0.0018560984 151 1 206 38
ship 0.0017935554 82 235 119 287
bridge 0.0016778661 206 271 385 419
ship 0.0016125138 119 190 156 248
ship 0.0015473091 263 114 334 163
vehicle 0.001506211 111 242 161 281
airplane 0.001441476 197 318 242 358
airplane 0.00132151 157 316 200 358
vehicle 0.0013123606 201 200 244 245
airplane 0.0012836532 119 -1 155 50
vehicle 0.0012132626 233 239 283 282
airplane 0.0011907711 318 243 359 284
