baseball 0.9977367 89 115 203 220
groundtrackfield 0.25717846 112 212 238 366
bridge 0.12845783 196 98 364 338
harbor 0.028740967 80 47 188 94
airplane 0.015660834 36 358 84 397
airplane 0.012309926 2 140 84 243
baseball 0.01209651 114 1 165 43
airplane 0.011062652 37 321 86 361
airplane 0.009244478 355 1 399 42
airplane 0.0076392344 -1 79 40 123
airplane 0.007592618 0 37 41 78
airplane 0.007235647 236 1 282 42
airplane 0.0065844296 0 355 43 398
airplane 0.0062705446 3 318 42 363
airplane 0.005237726 277 3 322 41
airplane 0.0050930604 282 40 325 79
airplane 0.004772151 354 40 396 83
vehicle 0.004522619 39 282 90 325
airplane 0.0041594347 198 -2 238 50
airplane 0.0038027416 0 278 40 323
airplane 0.0037595409 0 2 43 44
vehicle 0.002849995 354 357 397 398
airplane 0.002580634 1 238 40 280
ship 0.0022442504 234 118 299 161
airplane 0.0022280652 39 36 79 81
ship 0.001944945 275 277 331 321
airplane 0.0017729029 77 357 121 398
vehicle 0.0017641599 36 243 91 279
bridge 0.0014925131 -26 298 141 466
tenniscourt 0.0013677353 208 57 230 94
baseball 0.0011025451 232 77 288 120
