basketball 0.99496055 61 77 148 183
bridge 0.02297712 83 285 219 360
airplane 0.019768367 355 34 397 80
ship 0.013341816 122 308 148 337
ship 0.013027391 361 236 397 284
airplane 0.009711594 355 78 399 120
ship 0.009474461 361 156 397 205
ship 0.009092807 361 114 397 163
ship 0.008160458 281 235 316 291
airplane 0.0079254545 193 3 243 42
ship 0.0077892584 39 315 76 363
airplane 0.007267187 -1 357 41 399
airplane 0.0070249615 238 3 285 43
airplane 0.0069518955 35 359 81 400
ship 0.006888463 159 231 197 288
ship 0.006872706 3 316 39 362
storagetank 0.0065467036 194 38 243 77
ship 0.0064022313 197 192 239 244
airplane 0.006272455 277 37 321 79
storagetank 0.0054652225 -4 115 38 168
ship 0.004956965 283 320 319 366
ship 0.00473089 246 236 281 289
ship 0.0044378415 2 233 40 283
vehicle 0.004363944 320 280 364 320
vehicle 0.0043517146 321 240 362 281
ship 0.004275011 203 315 237 362
groundtrackfield 0.004271823 -62 -26 257 276
basketball 0.0042082644 54 6 167 72
ship 0.0041051176 275 364 327 397
ship 0.0040705744 203 114 241 168
bridge 0.0039946544 256 223 423 389
airplane 0.0036555978 75 359 119 400
ship 0.0035099685 73 232 121 281
ship 0.0034604622 151 365 206 397
ship 0.0034580478 358 318 396 364
vehicle 0.0031680504 274 117 320 157
vehicle 0.0031492542 273 159 320 198
storagetank 0.0030377745 0 195 40 236
ship 0.0030046059 244 319 280 363
ship 0.0030042175 242 112 281 162
airplane 0.0029739677 321 324 365 361
vehicle 0.0027767916 274 201 321 239
vehicle 0.0027088583 273 76 321 118
ship 0.0026875073 119 230 157 288
ship 0.0026528891 199 358 242 399
airplane 0.0022218842 355 357 399 399
vehicle 0.0021907005 321 200 363 240
bridge 0.002144804 252 -20 434 135
airplane 0.0020298285 320 78 362 120
vehicle 0.0019030537 42 229 79 282
storagetank 0.0016554978 197 78 246 116
vehicle 0.001539731 321 160 363 201
tenniscourt 0.001394765 160 106 195 169
airplane 0.0013753545 322 118 362 158
baseball 0.0013482909 69 199 120 240
