bridge 0.865639 69 124 311 319
airplane 0.011912137 39 42 79 81
airplane 0.011544348 76 2 123 40
airplane 0.011519503 316 358 364 397
airplane 0.011028857 116 3 162 42
airplane 0.009111975 76 45 123 81
airplane 0.0071081603 318 321 363 362
airplane 0.006332066 0 40 39 81
airplane 0.006281961 37 0 80 40
airplane 0.0055181533 38 74 81 125
bridge 0.0052462323 116 -68 401 105
airplane 0.005036424 1 74 40 123
ship 0.004624961 235 4 292 42
airplane 0.0039231796 158 2 201 43
airplane 0.0033820034 -1 0 41 41
airplane 0.002512056 357 357 398 399
airplane 0.0022345656 357 318 396 360
bridge 0.0019856961 203 273 376 422
airplane 0.0018581924 283 318 325 359
ship 0.00157359 363 -5 396 50
bridge 0.0012824105 277 42 470 320
vehicle 0.0010956916 238 355 281 396
ship 0.0010757042 155 355 203 395
ship 0.0010322158 200 348 236 399
