groundtrackfield 0.9999968 41 15 286 304
tenniscourt 0.9971718 55 331 91 393
tenniscourt 0.9907176 19 328 60 391
airplane 0.0100017935 354 76 400 120
airplane 0.009469974 357 38 398 83
groundtrackfield 0.008623115 -8 312 193 447
airplane 0.008291995 356 1 400 42
airplane 0.007795077 316 358 361 398
ship 0.0068486766 358 237 396 285
airplane 0.006625516 355 280 397 321
airplane 0.0061372053 355 119 400 161
tenniscourt 0.005600052 123 343 160 399
airplane 0.005534275 320 322 361 362
airplane 0.0052561034 279 319 322 360
ship 0.0050181686 357 196 396 244
airplane 0.0045933947 358 319 398 360
airplane 0.0044013895 357 357 399 399
airplane 0.00439296 353 158 398 201
airplane 0.004378797 0 0 40 44
bridge 0.002720897 204 271 377 413
airplane 0.002071215 313 36 359 76
bridge 0.0018585535 299 15 472 193
airplane 0.0018049112 239 358 282 397
vehicle 0.0014238091 274 279 319 321
airplane 0.001216837 36 4 85 44
tenniscourt 0.0012142545 -1 277 38 319
airplane 0.0010654092 239 316 283 357
