groundtrackfield 0.9999999 109 71 331 354
airplane 0.0123229595 33 38 75 78
airplane 0.009144586 0 78 41 120
airplane 0.006831159 33 362 87 396
airplane 0.006784673 0 319 40 360
airplane 0.0062600942 77 4 124 43
airplane 0.005810044 -1 278 40 321
airplane 0.005456104 -1 357 42 399
airplane 0.0048676487 33 4 80 43
airplane 0.0044464036 351 118 401 163
airplane 0.004329555 40 320 86 358
airplane 0.0042111184 0 116 39 162
airplane 0.0040446413 37 76 79 120
airplane 0.0037454634 80 42 124 81
airplane 0.0028466468 -1 237 39 282
airplane 0.002735443 314 361 363 399
airplane 0.002625964 351 77 401 121
bridge 0.0018397876 -19 255 140 422
airplane 0.0016680912 357 358 400 400
airplane 0.0015093482 353 0 399 42
airplane 0.0011577803 -2 197 38 242
airplane 0.0010805088 356 318 397 360
storagetank 0.0010789323 40 279 89 319
