bridge 0.9290165 106 140 278 227
bridge 0.8481067 70 240 264 335
bridge 0.7799087 129 68 305 149
airplane 0.014243948 320 359 364 397
airplane 0.0123410225 355 118 397 162
ship 0.011066398 361 234 396 287
airplane 0.00972696 278 358 323 396
vehicle 0.009107597 316 119 363 162
airplane 0.008966973 355 76 397 118
airplane 0.008725049 312 242 362 286
airplane 0.008452926 358 0 400 42
vehicle 0.008069774 357 156 399 199
airplane 0.0073556034 357 40 397 81
airplane 0.0070346175 357 318 397 358
airplane 0.006335123 1 157 43 203
airplane 0.006324222 2 78 43 123
bridge 0.0062179095 249 194 409 351
airplane 0.005661267 -3 355 40 398
vehicle 0.0052697654 314 156 362 196
airplane 0.004638344 0 198 41 241
ship 0.0045823217 294 265 320 294
airplane 0.0045742663 2 116 43 161
vehicle 0.004439279 360 201 402 242
airplane 0.004304361 74 4 125 40
harbor 0.0036266374 140 10 276 79
airplane 0.0035178529 316 5 361 43
airplane 0.0034778009 0 238 40 284
airplane 0.0032731923 2 38 41 77
airplane 0.0025617734 35 4 80 43
airplane 0.0025325466 36 38 78 76
vehicle 0.0023890645 314 203 362 240
airplane 0.0023370096 36 355 81 397
airplane 0.0022997535 317 38 362 76
airplane 0.00186633 -3 318 38 361
vehicle 0.0018489697 78 72 124 123
vehicle 0.0014707567 237 358 282 395
airplane 0.0010668229 277 317 323 356
