bridge 0.50260794 49 94 281 271
bridge 0.16537301 195 52 317 117
bridge 0.059556875 186 242 370 386
ship 0.057491105 36 314 96 364
ship 0.030184435 248 147 277 171
ship 0.019543424 360 33 396 88
ship 0.011936407 78 76 118 133
ship 0.010603119 361 113 398 162
airplane 0.01016616 116 5 162 43
airplane 0.007880434 0 40 40 82
ship 0.007648968 267 284 329 325
airplane 0.007438709 1 76 42 123
airplane 0.0070565646 76 4 120 42
ship 0.0059640673 362 154 398 203
airplane 0.0057708495 -1 2 42 43
ship 0.0054887724 79 36 116 83
ship 0.0054771523 362 275 396 326
airplane 0.0048088217 37 3 80 42
airplane 0.0043106424 235 4 286 42
airplane 0.0041687735 35 41 79 81
vehicle 0.0027590652 116 41 162 79
vehicle 0.002756065 362 196 397 244
vehicle 0.0026861734 356 358 401 400
airplane 0.0020095839 317 5 364 44
ship 0.0019791876 79 186 108 216
airplane 0.0014825693 3 313 42 365
vehicle 0.0013046308 316 160 358 198
ship 0.0011575636 313 245 367 279
airplane 0.0011288954 70 357 123 397
ship 0.0011221055 322 66 359 121
ship 0.0010600737 253 127 272 152
ship 0.0010138602 155 356 201 397
