groundtrackfield 0.99999845 53 50 270 330
tenniscourt 0.9984635 171 346 215 394
tenniscourt 0.99726355 198 283 240 330
baseball 0.9687423 300 12 385 71
baseball 0.23182075 276 119 337 171
bridge 0.026913814 238 149 392 240
tenniscourt 0.025986996 238 358 281 398
tenniscourt 0.018114883 279 285 326 324
ship 0.012342626 289 332 322 356
tenniscourt 0.011374549 276 357 330 396
harbor 0.005298571 357 116 395 170
ship 0.005120434 25 313 113 356
groundtrackfield 0.004610128 104 301 300 455
airplane 0.003908407 354 164 383 192
airplane 0.001990961 0 0 41 40
tenniscourt 0.0019336636 78 343 118 397
airplane 0.0016571396 2 39 39 82
airplane 0.0013055371 -1 354 40 400
airplane 0.001103753 36 1 84 38
