bridge 0.38264316 72 155 245 336
ship 0.018197754 276 283 322 322
airplane 0.012089919 356 35 396 80
ship 0.011487003 361 235 396 282
airplane 0.010406124 237 5 285 43
airplane 0.010371239 240 40 285 79
airplane 0.01027811 115 5 163 43
airplane 0.010136878 117 40 161 79
airplane 0.010108989 72 40 120 79
ship 0.00887823 362 115 397 164
ship 0.0085850395 287 238 319 287
airplane 0.008024544 321 34 362 78
airplane 0.0077197426 156 4 202 42
airplane 0.0075772377 357 77 398 118
airplane 0.0073393346 157 43 200 82
airplane 0.006601826 74 6 123 43
airplane 0.0063040988 199 3 242 43
ship 0.006296507 158 157 204 214
bridge 0.0062556784 14 -8 185 140
ship 0.006075961 362 277 396 326
airplane 0.005645441 200 41 239 82
airplane 0.005278544 0 38 40 81
vehicle 0.005138636 67 79 122 122
airplane 0.0040501696 316 78 360 120
airplane 0.003894216 116 75 162 120
vehicle 0.0038677058 316 118 360 160
vehicle 0.0035833078 272 77 324 118
bridge 0.0035577286 176 -13 352 130
ship 0.0034998863 311 244 370 274
ship 0.0034844491 114 360 161 397
ship 0.00345753 0 314 41 364
ship 0.0033222605 286 191 318 241
ship 0.003222034 161 115 201 164
airplane 0.0031961892 -2 2 42 43
vehicle 0.003158603 67 119 120 163
vehicle 0.002996274 316 159 362 200
airplane 0.002920159 -1 118 40 164
airplane 0.0024057396 -1 76 40 120
airplane 0.0023731128 240 357 283 397
airplane 0.0021654642 195 359 240 398
ship 0.0020884532 283 317 319 368
ship 0.0020572883 161 354 198 402
vehicle 0.0019204966 112 117 159 157
airplane 0.0017203882 275 362 327 394
ship 0.0017117105 107 197 170 246
ship 0.00145122 321 195 357 246
airplane 0.0013925331 38 3 82 43
ship 0.0013718407 121 294 150 320
vehicle 0.0011144675 241 316 283 359
ship 0.0010892578 249 274 273 294
airplane 0.0010525887 0 157 39 201
