bridge 0.96580684 245 65 344 214
bridge 0.59292465 42 45 199 131
ship 0.09223589 172 79 268 118
harbor 0.02798756 221 7 352 77
airplane 0.016355501 199 358 242 397
airplane 0.014028457 77 358 120 396
airplane 0.012388767 116 359 162 396
airplane 0.012051235 239 356 285 394
airplane 0.011293999 316 358 359 398
airplane 0.010771705 35 357 80 397
airplane 0.010444038 320 318 361 361
ship 0.0075618955 144 229 169 254
airplane 0.0074296836 278 356 322 395
airplane 0.007421372 157 359 201 396
airplane 0.0071568433 357 315 397 358
airplane 0.006552974 -1 355 41 398
airplane 0.005030595 359 359 400 399
airplane 0.004755191 36 317 80 360
airplane 0.0040414156 0 318 41 360
airplane 0.0039725737 77 316 119 357
bridge 0.0032050814 -22 127 234 309
airplane 0.0028938348 116 315 162 355
ship 0.0025104687 72 202 119 244
airplane 0.002268644 322 283 365 323
airplane 0.0020610755 239 321 284 361
airplane 0.0020072737 200 317 241 358
ship 0.0019623179 66 155 119 194
vehicle 0.0017731289 355 239 399 279
airplane 0.0017164234 73 0 125 39
airplane 0.0015044764 34 276 82 320
airplane 0.0013176516 1 275 41 320
ship 0.0012561997 61 234 85 255
airplane 0.0011649844 156 315 198 356
ship 0.0010048274 126 211 147 235
