bridge 0.83535266 159 75 301 147
ship 0.0155289965 360 200 396 250
harbor 0.012793223 77 -1 272 76
ship 0.012009466 359 76 396 126
bridge 0.009299218 23 50 182 177
ship 0.008616358 360 151 396 200
vehicle 0.008134825 69 242 116 286
vehicle 0.0073806234 275 195 320 242
vehicle 0.007301398 116 276 164 318
ship 0.00659142 77 192 113 245
airplane 0.0064498778 77 358 123 399
ship 0.0062163095 158 271 197 326
vehicle 0.0058806725 319 116 368 157
airplane 0.005646319 358 0 400 41
ship 0.0054216925 242 321 279 366
ship 0.005362815 236 281 282 318
bridge 0.0051477705 21 189 180 342
ship 0.0050887493 312 4 367 38
vehicle 0.005087789 320 202 366 246
ship 0.0050129592 274 363 329 396
ship 0.004746362 361 275 396 323
ship 0.0043928996 273 327 326 359
airplane 0.004355249 76 322 121 360
airplane 0.0042049885 35 357 80 399
ship 0.003887714 284 274 317 323
airplane 0.0037470988 198 357 241 398
airplane 0.0036688554 156 358 202 398
airplane 0.0036441428 -2 356 42 399
vehicle 0.0035396884 279 238 323 277
ship 0.0035134729 0 72 37 125
airplane 0.0033459652 358 39 398 81
baseball 0.0030898286 238 3 283 48
airplane 0.0030630718 115 321 161 358
bridge 0.0030481466 169 280 354 432
ship 0.0030281143 202 274 236 327
vehicle 0.0028895151 239 240 285 277
vehicle 0.0028681909 200 188 239 241
airplane 0.0027804303 -1 319 40 361
airplane 0.002710861 37 320 78 361
airplane 0.00260267 154 320 201 358
vehicle 0.0025768627 123 194 165 238
airplane 0.0022925963 198 318 239 359
airplane 0.0022475424 38 279 82 319
airplane 0.0021014733 -1 279 40 321
vehicle 0.0020938006 318 158 366 195
ship 0.0020048746 359 320 396 367
bridge 0.0018112506 235 -65 417 93
vehicle 0.0017694825 200 240 241 281
ship 0.0017156032 1 232 37 283
vehicle 0.0015501605 318 37 360 78
vehicle 0.001516049 317 281 365 317
airplane 0.0015070789 -1 -1 41 42
ship 0.0013308389 286 75 319 131
ship 0.0013212557 81 84 107 110
airplane 0.0011879202 38 0 82 42
ship 0.0010754644 43 194 79 245
bridge 0.0010313032 138 142 307 290
ship 0.0010156449 103 99 128 127
