bridge 0.965901 100 193 276 279
ship 0.27047515 201 252 236 342
ship 0.020326968 358 37 395 88
bridge 0.011041221 184 74 373 205
ship 0.0094574625 361 191 396 243
airplane 0.007856465 74 2 121 38
vehicle 0.007796857 361 236 396 286
ship 0.007600261 274 205 331 243
airplane 0.0075286455 116 1 164 39
bridge 0.0072718766 237 293 342 385
vehicle 0.0067804423 315 237 360 282
airplane 0.0060522016 2 74 39 120
ship 0.0057435874 125 325 262 393
airplane 0.0056211213 0 117 38 160
airplane 0.005615072 40 72 85 119
ship 0.0054438324 361 113 397 165
bridge 0.0053318487 6 45 221 223
vehicle 0.0053296164 74 44 118 85
ship 0.0051619373 276 113 320 161
airplane 0.005152471 35 4 80 40
ship 0.0051336363 266 315 298 340
airplane 0.0049896454 1 37 40 80
airplane 0.0046212375 37 118 84 160
vehicle 0.0042923125 119 42 164 84
harbor 0.004126888 217 9 341 77
airplane 0.004054057 -1 2 41 43
airplane 0.0034643253 0 157 39 201
ship 0.0033414362 194 3 249 36
ship 0.0032872765 270 82 326 118
vehicle 0.0028041785 78 110 116 161
ship 0.002534963 316 3 370 35
airplane 0.002309128 -6 313 85 403
vehicle 0.0020266948 356 278 399 318
ship 0.0015552798 326 38 361 87
airplane 0.0013193181 76 356 121 400
airplane 0.0011912436 0 237 39 283
airplane 0.001176246 358 358 400 400
vehicle 0.0011628512 120 111 157 164
airplane 0.0011383124 358 319 398 359
ship 0.0011296151 311 120 367 155
airplane 0.001053348 317 358 362 399
