bridge 0.8782829 125 122 366 243
airplane 0.008107639 353 1 398 43
vehicle 0.0076132403 320 34 364 79
harbor 0.005300663 137 5 249 81
ship 0.0032230788 5 136 73 270
ship 0.002402237 233 44 288 79
ship 0.002291449 77 40 118 79
groundtrackfield 0.002266457 -37 182 431 574
ship 0.0022269823 362 234 398 283
ship 0.0020781157 363 149 399 209
ship 0.0018860023 361 276 397 327
vehicle 0.0017256726 282 37 320 84
ship 0.0016777759 320 320 365 357
ship 0.0016733475 69 362 125 399
airplane 0.0016498922 237 1 284 41
ship 0.00149624 75 76 118 127
ship 0.0011399345 281 316 322 355
ship 0.0011045982 318 361 364 399
bridge 0.0010898717 21 252 170 351
ship 0.0010888563 117 75 160 125
