tenniscourt 0.6562533 15 64 80 117
bridge 0.61599505 98 70 285 241
bridge 0.32214662 27 193 171 334
harbor 0.02890867 131 9 275 77
airplane 0.016546581 276 323 323 365
ship 0.01350154 244 102 279 127
vehicle 0.009958129 360 194 396 245
vehicle 0.009192682 359 73 396 124
vehicle 0.009014263 360 116 397 164
harbor 0.008376662 -10 8 101 76
airplane 0.0067856596 240 355 286 396
airplane 0.0063919113 320 78 364 117
vehicle 0.0062386543 319 122 362 158
vehicle 0.006082882 317 200 361 242
airplane 0.0060396222 320 322 361 365
bridge 0.0053423643 249 109 416 279
vehicle 0.0049020904 317 161 362 199
airplane 0.00488583 352 40 396 81
airplane 0.004821249 196 357 241 397
airplane 0.0037151692 354 1 400 42
tenniscourt 0.0035751315 -12 67 23 115
vehicle 0.0035690567 317 240 362 280
airplane 0.0034366387 276 282 324 317
storagetank 0.0032150997 26 116 79 160
vehicle 0.0030470716 193 281 239 319
airplane 0.002905805 357 281 399 321
vehicle 0.002889798 275 240 323 279
airplane 0.002656845 358 319 397 361
airplane 0.0022673428 276 2 319 42
vehicle 0.0020172293 238 280 282 317
airplane 0.0014951946 195 316 239 359
airplane 0.0014266823 157 358 202 397
ship 0.0013979818 81 353 118 400
airplane 0.0013644639 357 357 399 399
harbor 0.0013499556 -3 311 95 398
storagetank 0.0013482877 82 0 119 49
bridge 0.0011048218 251 -25 426 139
