bridge 0.99968207 69 104 202 336
harbor 0.015259774 11 134 89 266
ship 0.014085913 105 123 168 169
harbor 0.0114793265 306 82 398 161
airplane 0.010719052 74 2 121 44
airplane 0.0100784 279 358 324 397
harbor 0.009803965 216 5 340 71
baseball 0.00818846 301 157 391 239
airplane 0.007450206 116 0 163 43
airplane 0.0064727436 0 39 39 81
airplane 0.006470533 356 0 400 42
airplane 0.006387123 39 38 80 80
ship 0.0055212574 242 72 284 132
airplane 0.0054396903 356 41 398 83
airplane 0.0053084046 317 2 363 41
bridge 0.0049094316 13 -15 192 132
airplane 0.004586443 -1 0 41 42
airplane 0.0045536924 155 1 204 42
ship 0.004415728 278 68 315 132
vehicle 0.0036855917 112 42 166 78
ship 0.0035627831 283 316 320 364
ship 0.0034141887 357 272 396 328
airplane 0.0033884386 239 359 284 397
ship 0.0032652821 279 278 318 322
airplane 0.002358738 357 357 400 399
ship 0.0022942482 279 197 320 237
ship 0.0020141448 230 147 252 167
vehicle 0.0020007743 233 282 284 323
ship 0.0019974161 203 294 231 317
bridge 0.001901548 174 230 335 379
airplane 0.0017959422 107 84 169 117
ship 0.001541088 235 165 286 200
airplane 0.0014177137 196 41 239 81
airplane 0.001340644 0 79 41 123
airplane 0.0011108647 192 359 241 398
ship 0.0010882528 205 276 231 296
