tenniscourt 0.975041 5 146 67 182
tenniscourt 0.921791 74 172 128 209
tenniscourt 0.06542935 79 120 128 159
harbor 0.019586423 143 322 246 392
storagetank 0.018455246 -1 196 43 239
tenniscourt 0.0159094 93 200 158 232
ship 0.015330196 359 277 397 325
harbor 0.014443603 158 166 269 232
harbor 0.013639813 9 236 76 333
harbor 0.013564082 159 243 251 319
ship 0.012532186 358 235 397 284
harbor 0.011084756 141 6 257 70
ship 0.010572125 142 96 258 155
harbor 0.01009152 79 241 160 328
bridge 0.008861408 39 -12 379 286
airplane 0.0088584805 358 39 399 80
airplane 0.008671484 357 1 401 42
ship 0.008652404 34 363 89 398
ship 0.008479629 360 157 397 205
airplane 0.007711923 356 78 398 120
ship 0.0074853264 38 321 92 358
ship 0.0074827913 361 114 397 163
airplane 0.0073265396 275 41 321 79
ship 0.006963828 2 316 40 364
airplane 0.0068301107 -2 357 42 399
airplane 0.0067273597 319 3 362 42
airplane 0.0066595185 320 38 360 79
airplane 0.0062889694 275 4 323 42
airplane 0.005920687 356 320 398 360
vehicle 0.0054670293 273 76 320 118
groundtrackfield 0.005043732 -79 54 98 223
vehicle 0.0050064446 275 117 319 157
airplane 0.0046948213 238 356 283 397
vehicle 0.0046163467 277 199 319 239
vehicle 0.0044090142 275 160 318 200
vehicle 0.0043593035 278 241 319 281
airplane 0.004337577 320 77 361 120
airplane 0.0041837497 278 357 323 397
airplane 0.0038254142 279 323 322 361
groundtrackfield 0.003665815 -82 222 313 529
vehicle 0.0036521032 321 118 363 158
vehicle 0.003561155 277 279 320 318
harbor 0.0034496314 0 -2 87 81
vehicle 0.0032465393 239 240 283 281
vehicle 0.0032389082 321 201 365 241
vehicle 0.0032339338 321 161 365 200
airplane 0.0032009906 239 323 282 361
airplane 0.0030996292 356 357 400 399
tenniscourt 0.0028838972 30 81 80 118
airplane 0.0028168932 320 281 363 320
vehicle 0.002765508 320 241 364 280
bridge 0.0025296332 255 220 433 391
airplane 0.002030908 321 323 362 362
airplane 0.0019689016 317 358 362 398
vehicle 0.0019132139 238 279 282 317
vehicle 0.0018894874 244 70 280 125
tenniscourt 0.0013661641 73 84 131 119
