baseball 0.9999789 225 146 297 214
ship 0.019111013 73 153 115 212
bridge 0.016316723 16 228 190 376
airplane 0.011899813 69 118 123 161
ship 0.010430991 78 270 115 325
baseball 0.009670317 320 152 399 234
airplane 0.0076317014 -2 357 41 399
airplane 0.007600569 36 358 81 399
airplane 0.007439111 115 5 164 44
airplane 0.0069319713 74 359 120 399
airplane 0.006923062 115 37 164 77
ship 0.00683188 109 277 158 321
airplane 0.0067708376 79 39 121 80
airplane 0.0065737464 0 39 40 81
airplane 0.0059108 0 116 41 162
airplane 0.0058141 0 75 42 119
airplane 0.005781915 -2 319 40 359
airplane 0.0056109224 77 4 122 43
airplane 0.004937442 -1 154 39 202
airplane 0.0047133425 72 78 123 120
ship 0.0043938113 0 273 39 322
airplane 0.0035249637 315 3 368 38
ship 0.003419441 78 317 115 362
airplane 0.0033639465 -1 2 42 43
airplane 0.003358584 278 1 323 40
airplane 0.0032819426 355 79 400 124
harbor 0.0032497426 219 93 318 160
airplane 0.0031912664 238 2 284 41
airplane 0.0027693557 38 39 77 81
ship 0.002769099 34 322 85 357
airplane 0.0025589569 198 3 243 42
airplane 0.002518883 361 -1 397 51
airplane 0.0022719805 156 37 201 81
bridge 0.002160331 17 -17 196 136
airplane 0.0021025643 37 2 80 41
ship 0.0020738363 276 366 328 398
ship 0.001719946 152 365 206 398
ship 0.001672731 237 361 282 400
ship 0.0016440392 323 318 359 362
ship 0.0015727676 283 314 318 359
airplane 0.0015521077 356 237 401 278
vehicle 0.0015080464 39 276 83 321
airplane 0.0014881493 357 358 400 400
bridge 0.0012159025 246 264 419 434
airplane 0.0011635404 319 281 360 324
airplane 0.0011624509 358 278 400 320
