groundtrackfield 0.99998903 112 153 359 319
baseball 0.99976987 10 267 101 339
airplane 0.010435815 39 77 88 126
airplane 0.0061937673 278 0 324 39
airplane 0.0057053175 195 0 244 39
airplane 0.0053399066 236 0 284 39
airplane 0.005022375 72 45 124 81
bridge 0.0046623717 160 52 332 135
airplane 0.004274446 355 1 399 42
airplane 0.0040602763 70 2 127 36
airplane 0.003648671 2 74 40 123
airplane 0.0031354513 355 38 397 79
airplane 0.0031257563 155 0 202 39
bridge 0.002751631 253 278 381 371
airplane 0.0023734786 0 37 39 79
airplane 0.0017472127 1 159 41 201
airplane 0.0014840192 0 0 42 42
airplane 0.0010154224 279 42 321 81
