groundtrackfield 0.9999931 18 83 399 296
airplane 0.0056454437 35 359 82 398
tenniscourt 0.00487007 -39 100 76 222
airplane 0.004450728 -1 357 42 399
airplane 0.003999612 331 174 440 302
airplane 0.0031629887 75 358 120 398
airplane 0.0024873991 357 0 400 41
ship 0.0022748143 273 362 328 396
storagetank 0.0022458003 153 357 202 399
storagetank 0.0017470106 197 357 243 401
airplane 0.0016155835 0 318 40 360
bridge 0.0014663788 208 282 362 365
airplane 0.0013430339 320 356 363 396
airplane 0.0013398002 357 318 397 360
