groundtrackfield 0.99996793 99 8 242 290
baseball 0.9998517 67 303 140 370
baseball 0.011078475 163 321 247 393
ship 0.004722476 182 313 210 338
bridge 0.0043640207 266 -30 376 88
airplane 0.0038266242 354 238 401 282
airplane 0.0035893125 307 313 400 398
airplane 0.0035498228 1 76 42 121
airplane 0.0035093615 0 37 40 81
baseball 0.002861859 300 160 399 250
airplane 0.0027906983 354 78 399 120
airplane 0.0026740816 351 117 399 160
storagetank 0.002664789 0 118 42 161
airplane 0.0024980344 272 277 322 317
airplane 0.0020814806 269 241 320 282
airplane 0.002058446 356 36 400 81
airplane 0.0018360383 354 278 398 320
airplane 0.0018227327 -4 3 49 37
airplane 0.0017820282 356 0 401 43
bridge 0.0016091557 -63 240 293 531
airplane 0.0013714227 1 197 43 242
storagetank 0.0011672087 0 158 42 200
ship 0.0010143984 42 227 68 255
