groundtrackfield 0.99987054 71 38 245 237
baseball 0.9995505 217 297 300 374
bridge 0.018971073 183 202 343 306
airplane 0.010064139 77 356 121 396
ship 0.00940178 361 235 398 289
airplane 0.008951824 36 357 79 397
airplane 0.0052408273 0 356 42 398
airplane 0.004468654 39 320 81 361
bridge 0.0042087357 110 280 239 368
airplane 0.0038459422 0 319 40 362
airplane 0.0037065714 42 275 87 319
airplane 0.0034861136 0 275 39 321
airplane 0.0028874893 117 354 164 396
airplane 0.002538282 351 75 398 120
airplane 0.002433303 353 316 399 362
harbor 0.0021477032 13 52 88 179
airplane 0.0021096899 353 1 401 41
airplane 0.0021007175 353 117 399 159
airplane 0.0020605922 75 319 120 359
ship 0.0020454738 147 313 173 339
airplane 0.0018431048 352 40 398 82
airplane 0.001398049 354 160 400 202
airplane 0.0011326408 0 238 38 283
