ship 0.9957123 16 256 55 324
ship 0.034964245 82 37 106 61
ship 0.0047868276 77 275 104 292
ship 0.004361842 103 125 126 145
ship 0.0025340721 80 254 105 271
bridge 0.0024847456 34 100 347 310
ship 0.0024533712 103 105 126 125
ship 0.0020946716 81 233 105 251
ship 0.0020406235 63 39 85 62
ship 0.0016959556 319 78 386 169
ship 0.0015902383 84 59 104 82
ship 0.0014994357 74 295 103 313
ship 0.0014145134 103 274 127 293
ship 0.0012992759 82 210 104 230
bridge 0.0011473579 152 279 284 379
bridge 0.0011164044 114 0 240 100
ship 0.0011054914 82 125 105 145
airplane 0.0010517226 0 353 41 399
ship 0.001051398 103 253 127 272
