baseball 0.9999348 228 222 353 337
bridge 0.042157814 149 46 379 224
ship 0.032324303 65 46 125 77
ship 0.01682124 149 45 207 75
bridge 0.01409534 14 36 180 177
ship 0.010610825 120 35 154 86
ship 0.0100587625 233 45 291 76
airplane 0.007837673 75 4 122 39
ship 0.0077469256 2 273 40 320
ship 0.0077212146 116 233 155 287
airplane 0.007409408 236 3 284 39
airplane 0.006908423 356 2 399 43
ship 0.006858651 2 320 39 365
airplane 0.0066395462 155 3 203 40
airplane 0.0063628866 196 3 244 40
ship 0.0062823663 110 278 164 318
airplane 0.006169901 278 2 324 40
ship 0.006090457 202 37 237 88
airplane 0.0057935715 0 39 37 81
airplane 0.0056054923 116 3 162 40
airplane 0.0052363197 -1 2 40 42
ship 0.0051066796 67 117 116 158
bridge 0.0050911307 12 269 185 418
airplane 0.0049651773 37 3 81 39
ship 0.0047452496 283 37 317 86
airplane 0.004516344 320 3 363 42
ship 0.0044093663 112 159 158 197
ship 0.0041082767 3 197 41 246
ship 0.0037804567 34 362 87 397
ship 0.0033583718 38 269 76 320
ship 0.0033238083 115 357 159 396
ship 0.0033057232 42 321 79 367
ship 0.0032798483 109 80 165 114
ship 0.0032442363 68 160 117 200
ship 0.0030968015 41 74 85 121
ship 0.0028425327 316 42 370 73
ship 0.0028257202 162 67 195 125
ship 0.0021495016 40 195 78 249
ship 0.0020638325 3 155 41 202
ship 0.0015929979 362 75 397 127
ship 0.0015565985 77 321 121 364
ship 0.0015196226 78 195 115 249
ship 0.001494342 309 82 369 119
ship 0.0013257507 159 363 205 395
ship 0.00130397 3 113 40 162
ship 0.0012002026 81 270 116 322
ship 0.0011439889 121 109 155 161
ship 0.0010496181 39 252 67 274
