harbor 0.9505377 142 327 317 394
harbor 0.94144857 72 7 223 79
harbor 0.76450634 97 95 231 140
harbor 0.75807625 93 248 299 314
harbor 0.7135948 98 136 256 200
harbor 0.61608744 94 197 277 255
bridge 0.051925737 22 221 103 310
ship 0.017492946 34 105 79 159
ship 0.014367816 352 193 397 246
ship 0.013003888 34 153 77 207
bridge 0.008431806 -16 50 148 226
harbor 0.008396585 8 -16 75 90
tenniscourt 0.0076178247 125 340 161 403
ship 0.0056201457 361 73 399 122
ship 0.004354017 277 120 321 161
ship 0.0036468012 357 278 396 327
ship 0.003516536 272 161 321 201
ship 0.0033861108 231 41 284 75
ship 0.0029688808 280 41 320 76
ship 0.0026279169 316 163 366 202
ship 0.0026082662 267 275 332 327
airplane 0.0025751009 36 356 83 399
ship 0.002524314 278 78 321 118
airplane 0.0024602588 1 77 44 123
ship 0.0023909325 321 237 364 286
airplane 0.0023204563 -2 355 40 400
tenniscourt 0.00220131 80 347 116 404
ship 0.0019426284 41 231 64 256
ship 0.0017425034 233 3 286 35
ship 0.0015094918 241 76 281 125
airplane 0.0012042428 0 275 39 320
storagetank 0.0011845947 123 157 148 194
storagetank 0.0011544918 123 206 148 243
ship 0.001138789 66 203 125 239
ship 0.0010432026 276 200 324 242
