storagetank 0.99899596 22 197 89 265
storagetank 0.99864763 210 88 281 155
storagetank 0.9983279 79 282 151 349
storagetank 0.9966299 12 284 76 347
storagetank 0.9955701 325 257 381 312
storagetank 0.9935812 244 243 295 290
storagetank 0.9895711 172 246 219 287
storagetank 0.9825493 89 114 146 170
storagetank 0.9813805 247 199 296 241
storagetank 0.9794684 27 115 83 170
storagetank 0.973926 175 199 224 245
storagetank 0.96635777 321 193 381 246
storagetank 0.96037185 245 290 290 330
storagetank 0.85387015 171 290 226 335
storagetank 0.037917066 160 114 210 173
storagetank 0.034480732 312 316 399 394
storagetank 0.032144755 106 81 157 124
storagetank 0.03069014 110 192 160 250
storagetank 0.027544655 3 155 49 201
storagetank 0.025155304 71 355 127 401
storagetank 0.02332406 319 79 405 165
storagetank 0.020788042 289 204 330 249
storagetank 0.020011963 237 157 290 205
airplane 0.018333636 357 37 398 80
bridge 0.01729746 237 15 556 370
storagetank 0.016501132 289 259 330 302
groundtrackfield 0.012227019 200 -43 322 84
airplane 0.011675031 356 2 400 43
storagetank 0.011427778 238 322 318 395
storagetank 0.0078035407 351 161 398 208
storagetank 0.0072114193 154 356 204 399
storagetank 0.00590558 73 232 130 282
storagetank 0.005183466 116 38 157 87
storagetank 0.004797482 273 115 329 164
airplane 0.0046393 320 37 359 79
storagetank 0.0025836723 216 204 255 248
storagetank 0.0022910873 143 260 182 299
storagetank 0.0012604827 186 156 241 203
storagetank 0.0012486666 73 42 124 81
storagetank 0.0012018551 161 36 205 85
