ship 0.99810696 150 40 214 124
ship 0.9979019 232 48 290 136
ship 0.9878467 187 262 247 352
ship 0.9877123 152 156 223 248
ship 0.94041044 71 122 138 212
vehicle 0.5658412 61 30 112 82
ship 0.54143167 37 61 79 107
harbor 0.45709503 61 298 138 364
harbor 0.03836638 18 141 76 247
ship 0.010338257 1 273 41 330
harbor 0.008658258 62 360 133 396
airplane 0.0048176013 -3 354 41 400
ship 0.0027379275 245 173 339 230
bridge 0.0027345445 122 78 460 357
storagetank 0.0016210042 80 81 105 107
ship 0.001440104 311 324 366 356
vehicle 0.0012540795 2 67 43 118
