storagetank 0.99857783 227 239 295 305
storagetank 0.9984585 228 46 295 111
storagetank 0.9979753 224 132 288 196
storagetank 0.99787676 35 46 97 110
storagetank 0.9978241 163 48 229 110
storagetank 0.9975478 97 47 162 110
storagetank 0.99707615 35 131 96 196
storagetank 0.9965893 162 132 224 195
storagetank 0.9957033 34 240 95 300
storagetank 0.9952453 98 132 160 195
storagetank 0.9948984 162 241 227 301
storagetank 0.9933391 97 240 161 301
storagetank 0.035227913 312 242 402 320
storagetank 0.034170426 31 107 84 139
storagetank 0.02995772 -1 235 41 289
storagetank 0.02910328 159 317 245 403
storagetank 0.023425808 232 197 291 243
storagetank 0.022301901 315 158 401 243
storagetank 0.022232205 236 319 325 402
storagetank 0.021171749 309 2 400 87
storagetank 0.02058846 312 78 400 164
storagetank 0.015741521 105 106 156 139
storagetank 0.015732812 311 311 404 398
storagetank 0.01486228 100 183 170 252
storagetank 0.014726953 65 321 161 405
storagetank 0.012177493 113 -1 166 43
airplane 0.011358368 34 1 84 45
storagetank 0.01131959 233 -3 286 40
bridge 0.010522784 94 -145 443 205
airplane 0.0075300517 1 73 46 123
storagetank 0.003157185 0 150 44 201
storagetank 0.0031167383 8 300 81 417
