storagetank 0.9980149 26 44 99 115
ship 0.6661713 134 300 210 325
bridge 0.45388648 110 56 305 139
ship 0.3176214 76 235 110 277
ship 0.1596795 71 301 147 323
ship 0.1239972 289 80 317 110
ship 0.020066852 77 186 115 242
ship 0.014863985 104 163 133 192
airplane 0.01307586 34 0 89 38
airplane 0.0035689978 -3 120 41 162
airplane 0.0029011334 0 310 83 400
storagetank 0.002533655 35 120 88 162
ship 0.0023209422 119 185 148 209
ship 0.0018774888 0 274 36 330
airplane 0.0018071781 153 1 204 39
ship 0.0016246878 283 45 322 81
ship 0.0014874118 120 232 157 289
airplane 0.0012843466 -3 236 39 278
ship 0.0011413819 209 294 230 317
airplane 0.001088669 0 196 40 244
