storagetank 0.9964954 117 252 174 310
storagetank 0.9961457 169 260 225 315
storagetank 0.99566156 111 307 168 361
storagetank 0.9944291 154 175 191 211
storagetank 0.9943527 218 323 275 378
storagetank 0.9936109 341 249 385 293
storagetank 0.99234784 226 270 276 321
storagetank 0.99208236 338 299 382 341
storagetank 0.9880094 239 186 277 222
ship 0.98794556 34 73 69 176
storagetank 0.98762333 277 154 315 192
storagetank 0.9871732 121 132 158 170
storagetank 0.9871689 165 315 222 368
storagetank 0.98699945 239 145 278 185
storagetank 0.9862375 150 212 190 248
storagetank 0.9860848 274 275 326 330
storagetank 0.98578125 111 205 150 243
storagetank 0.98461217 272 328 325 382
storagetank 0.984537 188 40 233 80
storagetank 0.9834268 333 198 376 242
storagetank 0.9822625 186 215 227 255
storagetank 0.98219484 114 170 156 206
storagetank 0.9808851 336 351 378 394
storagetank 0.9794613 190 180 230 215
storagetank 0.9782111 157 138 195 173
storagetank 0.97782 237 223 274 260
storagetank 0.97713506 192 140 233 180
storagetank 0.9725219 273 190 314 226
storagetank 0.9669999 339 163 377 198
storagetank 0.95862675 270 227 311 267
storagetank 0.746 141 35 183 69
storagetank 0.118234776 193 80 238 120
storagetank 0.07391966 67 233 127 295
storagetank 0.05431953 102 77 157 124
storagetank 0.026658561 272 117 321 160
storagetank 0.022575855 196 4 239 44
storagetank 0.020138144 184 166 204 187
storagetank 0.018811617 318 117 369 161
storagetank 0.017148582 78 113 128 166
storagetank 0.0122312 377 164 401 193
storagetank 0.009137847 352 79 396 126
storagetank 0.0076133017 145 199 166 220
airplane 0.00696393 12 302 92 383
storagetank 0.0065296744 238 78 285 122
storagetank 0.0061818827 74 355 127 399
storagetank 0.0053920317 239 38 283 81
airplane 0.005353489 355 1 398 42
storagetank 0.00507842 377 207 400 235
storagetank 0.004285025 355 40 397 80
storagetank 0.003913435 376 311 398 340
storagetank 0.0034155238 149 164 172 182
ship 0.0032223158 99 39 126 65
bridge 0.001796445 110 2 448 322
ship 0.0012959117 100 61 127 85
airplane 0.0012158817 101 1 129 21
