tenniscourt 0.99932516 50 305 128 386
tenniscourt 0.99850684 276 162 348 231
tenniscourt 0.9958045 139 250 219 329
tenniscourt 0.079515904 293 242 395 305
tenniscourt 0.062768176 130 317 231 387
ship 0.049767584 56 164 88 194
tenniscourt 0.04030892 347 193 401 240
tenniscourt 0.03407882 151 172 251 241
tenniscourt 0.024066731 6 243 83 328
storagetank 0.021476798 231 280 285 324
bridge 0.014419649 141 37 304 173
tenniscourt 0.012754227 249 320 326 402
airplane 0.011317968 72 3 127 36
airplane 0.007826298 355 1 399 42
groundtrackfield 0.0070893364 -36 218 383 493
airplane 0.0069763176 319 4 362 42
tenniscourt 0.0060015926 0 310 39 379
airplane 0.0057956832 0 37 39 79
airplane 0.0050521013 0 76 39 121
airplane 0.004944008 36 3 80 42
airplane 0.00444873 279 4 321 43
airplane 0.0044185314 0 1 42 43
airplane 0.004411912 39 39 79 80
airplane 0.0039116656 40 77 82 121
airplane 0.0038983966 74 43 119 81
storagetank 0.002879892 353 39 395 83
airplane 0.0024516433 238 2 285 43
ship 0.0022226751 59 208 84 234
baseball 0.0021570134 157 2 204 42
airplane 0.0010176455 0 116 41 161
