vehicle 0.9946682 154 49 203 106
vehicle 0.04355207 198 45 237 92
bridge 0.03402359 282 113 382 241
vehicle 0.025527308 241 42 286 79
vehicle 0.020201882 36 239 81 283
vehicle 0.017829072 75 202 120 242
vehicle 0.014118251 34 201 80 242
vehicle 0.013093804 119 65 159 112
vehicle 0.012847797 75 240 120 283
vehicle 0.012479982 77 152 120 198
vehicle 0.011589264 159 127 205 166
vehicle 0.0113051 278 41 324 75
vehicle 0.008831071 198 157 244 202
vehicle 0.008745397 242 77 284 122
airplane 0.0076373694 318 361 363 400
airplane 0.0074780327 279 359 322 398
vehicle 0.0073673353 119 150 158 199
vehicle 0.0073347813 202 123 248 162
vehicle 0.0069662887 117 202 161 241
vehicle 0.0067400783 199 241 247 283
vehicle 0.0063905064 319 42 365 78
airplane 0.0061442624 356 0 399 42
vehicle 0.0060290685 198 198 248 237
airplane 0.0059336894 316 2 363 41
airplane 0.005876632 281 317 322 357
airplane 0.005272013 159 357 202 396
vehicle 0.0051185032 78 74 120 117
airplane 0.0050536767 197 357 240 396
airplane 0.004960038 319 316 361 356
airplane 0.0049107666 132 -78 307 82
vehicle 0.0048651383 35 157 80 201
airplane 0.0048547285 235 0 284 39
airplane 0.0046292655 37 357 81 397
airplane 0.004549246 240 357 282 396
airplane 0.0044725435 199 321 242 360
vehicle 0.0044337166 278 80 326 120
airplane 0.0043838536 242 319 283 358
airplane 0.0043248297 357 359 400 399
airplane 0.0042843577 76 358 120 397
vehicle 0.00426912 158 198 200 240
vehicle 0.0040852423 237 154 276 202
vehicle 0.0039210725 117 239 160 283
vehicle 0.0038857092 240 115 284 156
airplane 0.0035728784 358 317 397 357
vehicle 0.0034285872 37 279 81 321
vehicle 0.0033433866 357 281 398 323
vehicle 0.0033266337 3 232 37 284
airplane 0.0032218348 -1 357 41 398
vehicle 0.00305808 238 280 281 322
airplane 0.0029570407 118 357 160 396
airplane 0.0029333294 39 318 80 361
airplane 0.0029077162 161 321 201 361
airplane 0.0027816908 0 317 39 361
vehicle 0.002781151 196 280 244 320
vehicle 0.002639636 158 238 198 285
vehicle 0.002260128 36 116 79 161
vehicle 0.002178469 75 280 122 320
vehicle 0.0020119222 284 238 333 279
airplane 0.0018958586 77 320 120 360
airplane 0.0018347958 0 156 39 202
vehicle 0.0013899872 38 77 78 120
ship 0.0013649585 309 146 342 170
airplane 0.001354455 154 -3 204 35
airplane 0.001352988 355 116 397 162
airplane 0.001336173 0 114 39 160
airplane 0.0012684012 0 76 38 122
ship 0.0012483614 310 127 340 148
airplane 0.0012211935 117 320 159 359
vehicle 0.0011911109 156 278 199 320
vehicle 0.0010169317 359 238 400 280
