baseball 0.8937255 119 13 248 115
ship 0.025563195 274 272 334 327
airplane 0.014208813 37 318 82 359
airplane 0.013996011 35 358 81 398
airplane 0.013442146 37 279 89 321
airplane 0.013331493 155 317 201 357
airplane 0.011873904 75 359 121 398
airplane 0.011740855 37 234 89 281
airplane 0.011423426 156 359 203 397
airplane 0.009299622 264 39 329 73
airplane 0.008734008 116 315 161 356
airplane 0.008170279 265 80 327 116
airplane 0.007873194 116 359 161 398
airplane 0.0075745485 266 3 331 37
airplane 0.007408342 116 274 163 320
airplane 0.007147579 0 318 41 361
airplane 0.007112156 -2 356 42 398
ship 0.0067632743 241 237 282 293
airplane 0.006150852 0 278 40 322
airplane 0.005759525 1 37 40 81
ship 0.00558105 307 313 372 355
airplane 0.0051846392 197 356 240 396
airplane 0.004879271 197 316 237 361
vehicle 0.004875591 199 239 243 287
airplane 0.0047549787 0 232 40 281
airplane 0.00457246 273 357 328 396
bridge 0.0037856086 256 53 410 229
airplane 0.0036149432 358 0 402 41
airplane 0.0035859018 355 198 398 241
airplane 0.003099775 1 77 41 122
airplane 0.0029815726 355 160 398 202
airplane 0.0029514143 188 280 242 319
airplane 0.0025862711 317 242 369 288
airplane 0.0019751424 244 314 288 361
airplane 0.0018268237 359 39 400 81
ship 0.0017819122 77 199 115 250
airplane 0.0015367409 0 115 41 161
groundtrackfield 0.001509696 -73 -63 104 99
ship 0.0014522679 284 193 320 244
airplane 0.0012926919 355 118 398 160
airplane 0.0012798924 -1 157 40 200
airplane 0.0011983338 320 34 363 79
ship 0.0011249781 59 122 86 146
airplane 0.0011187883 356 78 399 120
ship 0.0011158049 280 109 319 164
vehicle 0.0010449721 324 192 361 246
