tenniscourt 0.9996592 88 186 158 286
tenniscourt 0.9995604 19 190 90 293
tenniscourt 0.9994404 221 176 290 277
tenniscourt 0.99840075 157 179 223 280
harbor 0.042051323 -23 107 390 323
tenniscourt 0.037487596 327 144 398 253
tenniscourt 0.015149158 319 238 403 325
ship 0.014368572 281 31 318 82
bridge 0.011631629 22 -48 261 150
storagetank 0.008619989 307 312 405 402
airplane 0.0071622087 357 1 400 42
airplane 0.0066707633 359 38 398 81
airplane 0.006472621 317 5 362 44
storagetank 0.006225079 72 313 122 356
airplane 0.005176124 356 75 400 119
ship 0.0047154683 64 4 127 38
airplane 0.0045987526 195 4 241 42
storagetank 0.004413877 -1 315 43 361
airplane 0.0038625011 240 3 284 42
storagetank 0.003666998 358 119 402 159
ship 0.0034507907 121 -1 158 50
tenniscourt 0.0033636985 -2 118 39 165
storagetank 0.0032326705 276 278 324 317
ship 0.0030267916 73 31 115 87
ship 0.0029251962 191 42 247 78
storagetank 0.002646329 116 311 163 355
airplane 0.0026193622 0 -1 43 42
storagetank 0.002615436 235 282 285 323
airplane 0.0024556466 316 73 358 119
tenniscourt 0.0023165662 37 118 79 165
storagetank 0.002296491 157 321 248 409
airplane 0.0021739171 2 35 42 80
airplane 0.0018689184 245 38 284 83
tenniscourt 0.0017224738 76 120 118 165
airplane 0.0014383413 -1 355 43 403
storagetank 0.0014250732 -2 277 45 321
tenniscourt 0.0011952685 -3 163 46 203
storagetank 0.0011025777 318 120 361 158
ship 0.0010789077 162 29 199 86
