vehicle 0.98959243 163 184 230 221
vehicle 0.08867956 174 147 226 174
vehicle 0.014224204 161 42 208 82
vehicle 0.013615962 316 284 364 326
vehicle 0.0124762915 318 320 362 360
vehicle 0.010240064 316 78 363 117
airplane 0.009896653 357 41 399 82
vehicle 0.008194639 116 191 157 234
vehicle 0.008106745 282 319 323 359
vehicle 0.006498036 279 282 323 323
vehicle 0.0063054375 236 158 281 202
vehicle 0.0062701493 315 159 364 201
airplane 0.0062425965 68 3 124 44
airplane 0.006118282 35 357 82 397
vehicle 0.005753696 360 277 396 328
vehicle 0.005530282 315 121 365 158
airplane 0.005476165 38 318 82 363
airplane 0.004786673 356 0 400 41
airplane 0.004638362 74 358 119 396
vehicle 0.0044140657 361 116 396 165
vehicle 0.004249901 71 79 127 119
airplane 0.004032064 -1 356 42 398
vehicle 0.004031452 281 75 324 117
vehicle 0.0038494712 194 72 244 116
vehicle 0.0038410714 280 45 322 80
vehicle 0.0037901646 316 241 363 281
vehicle 0.0033730022 70 121 123 160
airplane 0.0032194823 2 318 40 363
airplane 0.0031075277 157 3 206 41
vehicle 0.0030990588 158 118 202 157
vehicle 0.002941435 314 199 363 241
airplane 0.0028525814 117 358 160 395
vehicle 0.0027669629 357 239 397 281
airplane 0.002571559 118 316 159 357
vehicle 0.0025105139 241 43 281 82
airplane 0.0024472359 281 357 323 396
vehicle 0.0023980276 72 159 123 202
airplane 0.0023760183 317 360 362 399
vehicle 0.0022325367 358 198 397 241
vehicle 0.0021319087 198 118 251 156
vehicle 0.0019424214 236 280 280 325
vehicle 0.0017351791 359 358 400 400
bridge 0.0017094583 11 -30 177 121
vehicle 0.00168094 72 281 122 322
vehicle 0.0016403322 37 197 81 242
bridge 0.0016038923 133 48 353 219
vehicle 0.0015314419 118 36 155 83
vehicle 0.0014193685 71 243 122 281
airplane 0.0012818725 277 1 323 39
airplane 0.0012730324 239 1 284 41
airplane 0.0012376079 157 359 200 396
airplane 0.0010679262 200 -1 236 51
vehicle 0.0010374996 239 243 286 282
airplane 0.0010123652 1 278 40 322
airplane 0.0010002033 240 357 282 395
