vehicle 0.8406445 322 57 368 125
ship 0.07735501 52 320 153 373
vehicle 0.046013292 196 67 248 118
vehicle 0.01748331 155 118 200 164
vehicle 0.0164455 158 70 198 123
vehicle 0.012804874 114 117 160 162
vehicle 0.009910077 196 282 245 324
vehicle 0.008868405 73 118 121 161
vehicle 0.0065986994 114 75 160 120
airplane 0.0062228437 0 317 40 370
vehicle 0.0054763234 320 160 367 201
vehicle 0.0054457537 74 157 123 199
vehicle 0.0050146836 278 276 324 316
vehicle 0.004876121 38 78 86 121
airplane 0.004739884 2 75 39 123
vehicle 0.004418271 314 239 363 283
airplane 0.004115296 318 359 365 399
vehicle 0.0040598023 194 120 244 162
vehicle 0.0037576805 280 160 326 200
vehicle 0.0036052454 317 116 366 158
airplane 0.0035893195 38 40 82 78
vehicle 0.003497193 317 200 366 242
airplane 0.0032607305 2 36 39 79
vehicle 0.003204737 74 199 123 241
vehicle 0.0026554794 73 238 124 279
vehicle 0.0025719125 194 157 242 199
airplane 0.0022716974 280 359 324 402
vehicle 0.0022081 79 71 116 127
vehicle 0.0022053218 359 117 400 161
vehicle 0.0021346696 240 156 282 199
vehicle 0.0018363597 115 41 160 79
airplane 0.0017568449 155 314 198 358
airplane 0.0017279438 1 239 41 283
vehicle 0.0016701302 195 239 245 281
airplane 0.0016553159 236 360 284 404
airplane 0.0016200745 36 2 82 42
airplane 0.0015958485 354 0 400 41
vehicle 0.0015673806 358 237 397 281
vehicle 0.0015134887 77 42 120 79
airplane 0.0014519299 0 277 40 322
vehicle 0.0014505942 157 200 204 244
airplane 0.001395671 2 156 41 203
airplane 0.0013769227 78 3 123 42
vehicle 0.0013440683 115 199 160 243
bridge 0.0013003398 76 27 287 228
airplane 0.0012637904 357 322 398 361
airplane 0.0011870605 0 0 42 43
vehicle 0.0011773065 358 278 398 319
airplane 0.0011677836 69 284 126 328
vehicle 0.0011660175 240 199 284 243
airplane 0.001032173 237 -1 287 36
vehicle 0.0010272005 238 239 284 283
