vehicle 0.99917126 357 168 394 231
vehicle 0.038790226 113 272 163 319
vehicle 0.020236436 75 40 120 81
vehicle 0.011417924 37 273 79 319
vehicle 0.010057034 34 74 80 115
vehicle 0.008369468 282 240 323 279
vehicle 0.0073348167 360 242 401 285
vehicle 0.006987065 279 278 324 318
airplane 0.0061496305 321 357 366 397
vehicle 0.0058903173 195 272 237 321
vehicle 0.005687134 318 40 364 77
vehicle 0.0056241523 283 195 322 241
vehicle 0.0054700575 238 278 282 320
airplane 0.0053551956 281 356 322 396
vehicle 0.004955241 116 36 162 77
vehicle 0.00468515 356 75 395 123
airplane 0.0042639645 237 358 281 396
airplane 0.0038742367 355 1 398 42
airplane 0.00358074 322 322 366 363
airplane 0.0033581709 281 319 321 358
vehicle 0.0032117744 239 241 283 282
vehicle 0.0030466183 36 198 81 237
vehicle 0.0030179305 3 269 37 319
vehicle 0.002968573 317 78 362 126
airplane 0.0024371776 0 356 41 399
airplane 0.0023358539 198 358 240 397
airplane 0.0022717696 35 357 80 398
airplane 0.0021231803 77 357 120 397
vehicle 0.0020418172 320 244 363 285
vehicle 0.0020354348 3 70 38 119
vehicle 0.0020247588 117 80 162 120
vehicle 0.0019962785 240 319 283 359
airplane 0.001978191 116 358 160 396
vehicle 0.0019136183 70 246 125 283
airplane 0.0016900589 158 358 200 397
vehicle 0.0015503414 37 156 81 202
bridge 0.0015033208 43 183 296 367
vehicle 0.0014910131 75 125 123 163
vehicle 0.0014705699 36 123 82 162
vehicle 0.0014356511 282 42 325 79
vehicle 0.0012658933 279 115 324 157
vehicle 0.0012319636 74 156 120 200
vehicle 0.0011804816 239 199 286 239
vehicle 0.0011753993 197 119 242 162
airplane 0.0011345337 0 197 38 240
vehicle 0.0011187627 195 156 240 202
airplane 0.0010955569 75 0 124 41
vehicle 0.001011994 238 78 284 122
vehicle 0.0010118473 156 198 202 236
vehicle 0.0010023086 157 156 199 201
