tenniscourt 0.99946195 303 191 349 260
tenniscourt 0.9978307 258 198 307 263
tenniscourt 0.05770008 362 192 402 248
airplane 0.013646216 78 40 121 79
airplane 0.0115979845 39 38 78 80
ship 0.011215308 152 44 208 77
airplane 0.01084656 1 39 38 81
airplane 0.010352981 355 2 400 43
airplane 0.00983362 277 5 323 44
bridge 0.0088224225 23 198 209 324
airplane 0.008487996 76 5 123 42
airplane 0.00839022 354 37 396 81
bridge 0.008246964 15 -9 192 134
ship 0.008233399 68 364 124 398
airplane 0.0076314625 157 4 203 41
vehicle 0.007289671 73 78 121 121
airplane 0.007244339 198 4 243 42
airplane 0.007026678 37 4 80 41
airplane 0.0067789555 -1 2 41 42
airplane 0.006482586 200 40 240 82
airplane 0.006462712 1 75 40 121
airplane 0.0061814263 243 38 285 80
ship 0.0057828748 79 237 114 295
airplane 0.005099978 39 75 81 122
storagetank 0.0043874783 319 279 363 318
storagetank 0.0042992043 269 278 324 319
ship 0.004257962 143 325 254 396
bridge 0.0040105768 172 -10 357 142
ship 0.0039331857 77 153 114 207
vehicle 0.0036932847 69 118 118 158
airplane 0.0035663396 -2 356 40 400
ship 0.0031699545 121 232 157 292
vehicle 0.003142485 116 73 160 118
ship 0.0028076088 321 67 395 169
airplane 0.002555386 0 116 39 160
airplane 0.0023738816 314 316 400 397
airplane 0.0021808862 -1 318 39 359
airplane 0.002084119 0 278 39 321
ship 0.002059462 79 320 115 366
airplane 0.0019311778 37 319 82 359
ship 0.0017273378 34 245 87 280
airplane 0.0016263803 197 271 243 317
ship 0.0014100072 117 196 163 241
vehicle 0.0010893786 157 75 205 119
airplane 0.0010638756 39 156 82 200
airplane 0.0010590189 154 274 204 316
