vehicle 0.96511704 267 264 323 309
vehicle 0.029965084 318 267 362 313
vehicle 0.012718355 116 321 159 363
vehicle 0.0077224793 362 239 399 286
vehicle 0.0070911557 155 320 199 360
vehicle 0.004926364 75 321 120 364
vehicle 0.0037229392 282 328 325 366
airplane 0.0037116322 314 360 367 396
vehicle 0.00260296 322 326 365 366
vehicle 0.0024645843 357 79 398 121
vehicle 0.0023625575 200 317 238 361
vehicle 0.00223054 37 278 84 321
vehicle 0.0021278216 39 239 84 286
vehicle 0.002034174 243 323 283 364
vehicle 0.0019754497 39 320 81 365
vehicle 0.0018485104 359 197 400 240
vehicle 0.0017285297 319 197 366 235
vehicle 0.0017119378 359 320 398 361
vehicle 0.0017015524 358 118 398 162
vehicle 0.0015111802 358 37 397 79
vehicle 0.0014331916 320 81 361 122
vehicle 0.001398338 70 81 119 121
vehicle 0.0013837023 359 158 398 203
airplane 0.0013472878 356 1 400 43
ship 0.0012665204 176 353 233 393
vehicle 0.0012159842 320 158 364 203
vehicle 0.0012139434 114 280 159 319
vehicle 0.0010926375 320 118 363 160
