vehicle 0.99985206 105 231 136 279
vehicle 0.9998197 302 240 337 290
vehicle 0.9987696 162 61 192 110
vehicle 0.9960951 337 256 373 304
ship 0.20572165 46 97 90 191
vehicle 0.034336645 71 257 104 303
ship 0.03127175 321 361 377 382
vehicle 0.031224223 162 117 199 166
vehicle 0.025556497 241 233 273 288
vehicle 0.019684413 34 198 80 240
vehicle 0.017883152 201 74 247 116
vehicle 0.017576206 285 199 320 238
vehicle 0.014276913 200 119 247 163
vehicle 0.013156463 318 199 362 235
vehicle 0.012875034 115 71 161 113
vehicle 0.012435111 163 233 202 280
vehicle 0.012366883 35 241 77 283
vehicle 0.01165996 42 41 81 81
vehicle 0.009496773 72 203 122 242
vehicle 0.008946998 116 115 157 165
vehicle 0.008789351 193 156 247 197
vehicle 0.0082526645 199 321 240 362
vehicle 0.008174577 160 318 199 363
vehicle 0.007948493 317 119 365 159
vehicle 0.0074685183 357 198 399 238
vehicle 0.0070781237 245 318 283 363
vehicle 0.006221272 285 319 323 364
vehicle 0.006020223 29 314 73 360
vehicle 0.0060007223 108 283 154 323
vehicle 0.0058246385 319 160 363 201
vehicle 0.004980866 283 113 318 158
vehicle 0.004968295 193 277 246 313
vehicle 0.0047605652 160 279 202 320
vehicle 0.0047239643 193 207 251 242
vehicle 0.004093546 284 157 317 202
vehicle 0.0040059877 356 74 395 120
airplane 0.0034333041 0 358 43 399
airplane 0.0032520697 40 2 82 41
vehicle 0.0029906086 320 321 360 364
vehicle 0.0029345069 284 70 320 119
vehicle 0.0027545164 358 319 398 360
vehicle 0.0026960608 318 73 362 117
vehicle 0.0025330153 238 44 283 78
vehicle 0.0022408287 75 42 125 79
airplane 0.0017190278 71 -26 260 129
vehicle 0.0015908828 84 311 120 357
vehicle 0.0015726449 4 235 39 283
vehicle 0.0015523281 137 13 165 56
vehicle 0.001543301 3 150 39 204
airplane 0.0010466122 116 360 160 396
