vehicle 0.9995882 239 241 271 297
vehicle 0.998823 102 218 159 247
vehicle 0.97970563 110 243 163 277
vehicle 0.031763252 199 242 247 284
ship 0.014733326 296 341 349 362
vehicle 0.011515984 162 316 200 364
vehicle 0.01094914 157 229 193 285
vehicle 0.008266733 119 315 156 363
vehicle 0.008124217 196 317 240 362
vehicle 0.005741793 289 236 320 286
vehicle 0.0055608707 111 279 158 320
vehicle 0.004996791 239 199 280 235
vehicle 0.0049889637 276 40 323 74
airplane 0.004515431 3 316 40 359
vehicle 0.0041190465 355 78 397 119
ship 0.0041022175 318 358 364 397
vehicle 0.0036224686 274 81 323 119
vehicle 0.0033885622 84 313 119 365
airplane 0.0030084692 358 0 401 41
vehicle 0.0029779985 42 314 79 363
vehicle 0.0029474038 358 40 398 81
vehicle 0.002843821 357 119 399 160
vehicle 0.0027694097 318 78 360 119
vehicle 0.0027174745 275 122 325 162
airplane 0.0025502162 1 357 42 397
vehicle 0.002533678 157 359 203 392
vehicle 0.0025119747 239 318 279 361
airplane 0.002262116 276 5 325 42
vehicle 0.0021818546 357 197 400 242
vehicle 0.0021443835 114 113 159 162
bridge 0.0020608844 246 272 415 425
vehicle 0.0020208019 318 38 357 78
vehicle 0.0020074684 193 278 248 318
vehicle 0.002001374 358 158 399 202
vehicle 0.0019558251 357 237 400 280
airplane 0.0018989596 38 358 80 397
ship 0.0018946634 360 318 397 365
airplane 0.0018552534 318 3 361 42
ship 0.0017309312 292 167 317 198
vehicle 0.0017175048 80 276 118 320
airplane 0.0016798897 198 355 240 395
vehicle 0.0014382312 78 360 124 393
vehicle 0.0013313524 316 241 362 280
airplane 0.0012972151 2 281 40 321
vehicle 0.0012713246 246 156 287 201
vehicle 0.001222054 317 155 359 202
airplane 0.0011272137 282 356 322 396
vehicle 0.0010000422 244 39 283 77
