vehicle 0.9976937 78 139 146 177
vehicle 0.9907844 156 153 225 191
ship 0.020486936 359 69 398 123
vehicle 0.018542139 34 151 93 192
ship 0.017472632 76 308 106 337
ship 0.015348909 96 62 237 121
vehicle 0.013364249 275 164 330 199
vehicle 0.009223303 71 227 125 269
vehicle 0.008309933 315 242 362 281
ship 0.007681248 247 60 334 131
airplane 0.007219447 354 -1 401 42
vehicle 0.007201557 314 197 363 238
airplane 0.007180559 193 313 240 356
vehicle 0.007113988 277 278 321 320
vehicle 0.0064552245 358 240 398 281
vehicle 0.0061139087 318 279 363 321
vehicle 0.0059113833 361 194 396 244
storagetank 0.00492128 186 99 213 127
vehicle 0.004740626 240 279 284 324
airplane 0.004739013 37 361 84 400
vehicle 0.004244321 320 76 364 123
vehicle 0.00369303 356 279 396 321
airplane 0.0034441624 196 360 243 400
vehicle 0.0034112628 42 201 84 252
airplane 0.0034106309 1 313 40 362
airplane 0.0033680976 317 360 366 400
airplane 0.0030929619 155 359 201 398
ship 0.0030301865 164 247 229 286
vehicle 0.002938498 157 203 208 245
airplane 0.0028259002 119 309 157 360
vehicle 0.0027173464 244 156 282 203
airplane 0.0026272645 1 116 41 169
vehicle 0.0025885554 285 194 321 246
vehicle 0.002489686 240 238 283 281
airplane 0.00238272 320 322 368 358
airplane 0.002084593 37 74 82 115
airplane 0.0019689626 278 360 323 403
airplane 0.0018606944 -2 358 41 400
ship 0.001803181 274 0 329 38
ship 0.0017155879 247 84 272 105
airplane 0.0016268442 238 360 284 402
bridge 0.0016072448 129 262 299 404
ship 0.0015648508 293 84 319 107
airplane 0.0014939663 278 318 321 354
airplane 0.0014807717 117 359 160 399
ship 0.0013505638 123 64 149 92
airplane 0.0011433151 0 77 42 119
ship 0.0011355068 275 83 295 108
ship 0.0011031327 247 103 272 125
ship 0.001047638 316 147 337 169
ship 0.0010463025 295 148 315 170
