vehicle 0.99894303 217 318 272 355
vehicle 0.039212625 105 111 160 155
vehicle 0.009427348 156 112 198 158
vehicle 0.008596812 38 280 80 323
vehicle 0.0066696606 357 279 397 321
airplane 0.0063152863 37 318 76 365
airplane 0.005281484 40 37 77 77
vehicle 0.005070471 357 238 397 280
vehicle 0.004401293 239 193 286 237
vehicle 0.0042344416 161 320 196 365
vehicle 0.004131419 315 240 363 281
vehicle 0.0035924653 357 117 397 160
vehicle 0.0035820259 318 198 362 241
vehicle 0.003495932 358 199 396 242
vehicle 0.0034490018 284 317 322 358
vehicle 0.0033418075 357 76 395 120
vehicle 0.0033167012 316 282 364 321
vehicle 0.003175311 357 320 398 360
vehicle 0.0030502789 116 324 162 363
vehicle 0.0029778045 318 162 365 203
vehicle 0.0029266858 358 160 397 202
vehicle 0.0028900795 75 277 120 320
vehicle 0.0028311443 78 319 117 366
airplane 0.0027562329 32 359 81 393
airplane 0.0026773086 40 5 81 43
vehicle 0.002649878 316 321 363 359
airplane 0.0026205408 6 317 40 363
airplane 0.0025282993 1 240 37 286
vehicle 0.0025030451 203 192 239 243
vehicle 0.0024959855 317 78 364 120
vehicle 0.0024301233 279 116 326 154
vehicle 0.0024085771 148 78 201 117
vehicle 0.0023511215 111 160 159 200
ship 0.0023030622 37 145 99 191
vehicle 0.0022785305 234 239 285 276
vehicle 0.0021384778 155 239 197 283
vehicle 0.0020425352 116 41 160 76
vehicle 0.0017650981 200 115 240 158
vehicle 0.001745178 160 159 200 203
vehicle 0.001654428 37 196 81 236
vehicle 0.0015400713 115 359 166 391
vehicle 0.0013880328 200 237 242 279
vehicle 0.0013740532 357 37 396 79
vehicle 0.0013716461 282 77 324 119
vehicle 0.0013180182 78 37 118 75
vehicle 0.0011994541 160 41 200 78
vehicle 0.0011728337 238 77 283 120
airplane 0.0011323506 356 2 398 43
vehicle 0.0010972782 74 196 122 234
airplane 0.0010694237 357 358 400 400
