vehicle 0.9980732 25 83 83 115
vehicle 0.99193585 308 117 361 146
bridge 0.16457164 213 250 274 377
bridge 0.022579549 85 246 209 340
vehicle 0.01813085 70 194 123 236
vehicle 0.014089111 363 108 397 159
ship 0.012320035 261 36 340 76
airplane 0.012003737 36 357 80 398
airplane 0.008945743 37 321 77 361
airplane 0.008134114 76 359 120 399
airplane 0.0069751777 -2 355 41 398
vehicle 0.006860395 241 114 278 156
airplane 0.0067577376 0 320 39 362
ship 0.0063053267 362 276 396 327
airplane 0.0058398643 80 318 121 357
ship 0.005544017 274 283 329 320
vehicle 0.005218613 63 164 125 201
airplane 0.004097479 158 358 202 398
ship 0.0038146735 321 276 357 331
vehicle 0.0036836362 315 161 364 201
airplane 0.0036603538 116 360 163 399
airplane 0.003526596 33 44 78 79
airplane 0.003214351 196 359 244 399
vehicle 0.002802046 156 71 203 116
airplane 0.0027102665 0 275 41 318
vehicle 0.0026514512 157 315 197 359
airplane 0.0025871545 -55 38 127 158
vehicle 0.002435115 118 70 159 118
vehicle 0.002352587 194 117 243 156
vehicle 0.0023197434 157 160 204 203
ship 0.0021828264 362 233 396 284
vehicle 0.0021800024 235 195 284 237
airplane 0.002139795 35 275 75 319
airplane 0.0019517323 314 361 363 402
airplane 0.001880703 117 6 162 43
vehicle 0.0018745129 306 85 363 122
ship 0.0018317298 283 233 319 288
airplane 0.0017965202 354 3 398 44
vehicle 0.001777409 28 113 80 151
vehicle 0.0017415847 239 159 279 203
vehicle 0.0017162103 237 73 278 120
vehicle 0.0015945657 358 194 396 242
airplane 0.0014270887 358 358 400 402
ship 0.0014108253 143 268 175 296
vehicle 0.0010759605 316 194 365 239
airplane 0.0010642944 157 5 204 42
vehicle 0.001062728 361 159 399 202
