vehicle 0.9990165 11 113 77 153
bridge 0.047262628 30 197 265 312
vehicle 0.013340955 318 200 368 240
vehicle 0.012525667 317 245 364 285
airplane 0.01028748 321 322 365 362
vehicle 0.009798401 318 161 367 202
airplane 0.00930178 319 358 364 397
vehicle 0.008494845 317 121 366 161
vehicle 0.008013236 317 76 365 118
vehicle 0.006819671 320 43 366 79
vehicle 0.0067346087 280 244 322 285
airplane 0.0060760793 281 357 323 395
vehicle 0.006071994 358 241 398 283
vehicle 0.00562331 319 279 363 319
vehicle 0.0049753627 281 199 323 239
airplane 0.0048310445 283 320 323 359
vehicle 0.00461236 76 232 120 288
airplane 0.0041821687 356 1 399 41
airplane 0.003979965 358 319 396 360
vehicle 0.0033742287 151 227 202 278
vehicle 0.003365219 240 237 280 284
vehicle 0.0033575357 281 117 321 160
vehicle 0.0031979096 281 75 321 119
vehicle 0.002998326 281 158 321 201
vehicle 0.0029634924 241 318 281 360
vehicle 0.0029204963 197 356 241 395
airplane 0.00273258 239 356 282 395
vehicle 0.0027089843 358 278 397 321
vehicle 0.0023510733 158 357 202 395
vehicle 0.002229416 198 317 240 360
vehicle 0.0021526439 30 240 80 293
vehicle 0.0019880629 196 79 242 122
vehicle 0.001973856 116 356 159 395
vehicle 0.0018991965 239 76 281 122
vehicle 0.0017711822 159 79 202 122
vehicle 0.001682711 76 110 117 159
vehicle 0.0016572737 73 361 124 394
vehicle 0.0016387969 240 201 281 243
vehicle 0.0016196651 282 44 322 81
vehicle 0.0016082482 159 115 202 159
vehicle 0.0015372115 238 116 282 160
airplane 0.0015202876 0 356 41 397
airplane 0.001497279 38 356 81 395
vehicle 0.0013349353 197 115 243 159
vehicle 0.0012629584 115 114 160 156
vehicle 0.0010019663 240 159 283 200
