baseball 0.999824 82 200 167 274
airplane 0.0154209025 319 359 362 397
airplane 0.012573524 226 9 321 85
airplane 0.011382354 321 320 361 360
airplane 0.009024999 278 358 322 396
airplane 0.008844758 314 -2 404 81
bridge 0.0087972395 -65 79 278 356
airplane 0.008403794 357 119 398 160
airplane 0.008060528 355 75 395 119
airplane 0.007578141 357 160 398 200
airplane 0.0074968706 358 319 398 359
airplane 0.007402103 356 199 397 240
airplane 0.006790781 277 317 321 358
airplane 0.0066962373 356 358 399 398
airplane 0.0062922724 358 279 398 320
vehicle 0.0061866045 112 119 162 161
airplane 0.0060664485 318 279 359 322
airplane 0.0059799473 357 239 398 280
airplane 0.0057532154 232 153 327 238
vehicle 0.0053752214 197 110 241 156
ship 0.0050774203 38 321 90 357
airplane 0.004979789 241 234 324 323
airplane 0.0042361147 -1 317 38 362
airplane 0.003977928 -3 357 39 401
airplane 0.0039196424 320 242 362 282
airplane 0.0037026345 36 361 82 403
tenniscourt 0.0036975013 160 213 235 315
airplane 0.0036946605 318 119 360 160
airplane 0.0032410643 -1 276 41 320
vehicle 0.0031493308 73 117 120 164
airplane 0.002895021 32 4 87 38
airplane 0.0027294632 236 356 283 396
baseball 0.0022720767 75 7 164 91
airplane 0.0021825025 200 319 241 362
airplane 0.0021529447 0 116 43 164
airplane 0.002118611 39 40 84 79
airplane 0.0021052123 39 76 87 122
airplane 0.0019310649 117 75 163 123
airplane 0.00186159 321 161 363 201
airplane 0.0018294262 1 37 38 79
airplane 0.0016628237 195 81 251 118
airplane 0.0016045535 0 159 44 203
airplane 0.0015926969 2 76 41 122
airplane 0.0014424146 0 199 43 244
airplane 0.0014293015 155 318 201 359
vehicle 0.0013824181 155 114 203 159
airplane 0.0011564267 115 314 162 357
airplane 0.0010676932 74 359 123 402
