ship 0.9984617 322 294 389 326
ship 0.99799925 35 68 89 108
ship 0.99704 171 23 214 53
ship 0.99692875 259 184 320 223
ship 0.9959313 339 94 376 125
ship 0.9816425 57 306 97 338
ship 0.0031962409 63 333 86 357
ship 0.0028962356 338 121 360 146
bridge 0.002869068 204 217 330 310
ship 0.002658119 273 249 296 272
ship 0.0020204412 187 62 210 85
ship 0.0019135716 61 273 85 292
ship 0.0018580828 121 317 146 336
ship 0.0016343242 156 83 202 119
ship 0.0015100697 60 145 83 166
ship 0.001189204 100 85 125 106
bridge 0.0011619172 133 150 264 250
ship 0.0011600262 124 85 147 104
bridge 0.0011364927 91 278 223 379
ship 0.0010743744 61 252 84 274
bridge 0.0010056376 88 61 184 172
