groundtrackfield 0.9970976 14 138 390 315
airplane 0.008387431 276 2 325 42
airplane 0.0069766273 318 3 365 42
airplane 0.005300095 279 356 321 398
bridge 0.004777137 7 304 119 397
airplane 0.004451166 317 356 363 397
airplane 0.0044369465 234 3 284 42
airplane 0.004273192 357 38 395 81
airplane 0.0041759713 40 40 88 80
airplane 0.004156072 34 4 90 39
airplane 0.003681411 326 188 439 287
harbor 0.003600264 -29 192 82 294
ship 0.0032405856 58 336 86 358
airplane 0.0031396393 1 37 40 80
airplane 0.0028307429 322 321 366 361
airplane 0.0027241441 318 39 362 80
airplane 0.0025496217 117 4 164 44
airplane 0.0024998458 2 76 41 124
airplane 0.0021938486 238 358 282 399
airplane 0.0021196736 36 78 91 123
airplane 0.002001982 81 0 116 53
airplane 0.0019930445 0 0 43 42
bridge 0.0018660858 209 -61 379 91
bridge 0.0017836833 2 -9 169 142
vehicle 0.001459587 279 39 323 81
airplane 0.0014392965 357 355 400 399
ship 0.0010824229 283 316 318 364
vehicle 0.0010521024 120 40 165 80
ship 0.0010219978 82 334 103 361
