groundtrackfield 0.99977916 33 118 380 252
baseball 0.99919003 245 283 344 359
baseball 0.97631925 54 67 115 116
airplane 0.008296015 35 356 82 397
airplane 0.0076263873 355 0 400 40
storagetank 0.0072771213 355 40 398 82
airplane 0.007271068 151 360 207 395
airplane 0.006043353 75 356 120 397
baseball 0.0032849668 156 306 255 374
airplane 0.003071161 0 319 41 363
tenniscourt 0.002951737 0 74 39 124
storagetank 0.0026037113 356 78 399 123
airplane 0.0021382438 315 42 361 84
ship 0.002000085 203 174 256 194
airplane 0.0015681859 276 0 324 39
storagetank 0.0014769707 353 313 401 364
airplane 0.0012185496 76 316 116 364
groundtrackfield 0.0011855519 289 -69 464 105
airplane 0.0011111145 117 312 159 361
