baseball 0.99976355 282 65 370 134
baseball 0.9993806 68 180 163 258
baseball 0.124373876 335 297 387 349
bridge 0.034219608 75 276 201 364
ship 0.014392478 238 320 301 358
airplane 0.013958854 0 275 43 317
ship 0.011242117 199 192 243 250
tenniscourt 0.008497267 296 293 343 361
airplane 0.007204837 0 120 42 162
airplane 0.0068527414 1 76 40 124
airplane 0.0065603196 194 4 251 41
airplane 0.0062118596 71 76 122 124
storagetank 0.006161898 192 118 248 157
airplane 0.005861233 193 80 244 119
airplane 0.0055381316 117 73 162 123
airplane 0.00500049 191 162 251 195
bridge 0.0038500384 258 173 420 344
airplane 0.0036957737 275 357 322 399
airplane 0.003680439 -3 200 39 244
airplane 0.0035896027 356 359 402 399
ship 0.0035539137 236 287 300 321
airplane 0.0033988354 -2 356 42 397
vehicle 0.0031343738 317 193 361 241
airplane 0.0030983665 317 361 363 401
airplane 0.0029087146 116 0 163 41
airplane 0.002794955 156 1 202 42
storagetank 0.0019714537 120 116 168 157
ship 0.0019683188 200 275 242 331
airplane 0.0018429698 0 160 44 202
ship 0.0017758834 243 349 279 403
airplane 0.0016128862 0 37 38 79
storagetank 0.0013703443 198 38 248 76
vehicle 0.0013215735 362 191 397 247
airplane 0.0012921379 37 119 83 160
airplane 0.0012738791 74 45 123 83
airplane 0.0011539784 -75 148 87 301
ship 0.0011019387 324 233 361 284
airplane 0.0010802752 -1 0 42 43
airplane 0.0010756155 155 40 198 82
airplane 0.0010485782 36 356 81 398
airplane 0.0010023095 40 316 80 364
