groundtrackfield 0.99999714 12 84 358 226
tenniscourt 0.99814343 313 243 349 293
tenniscourt 0.99791664 323 307 359 361
tenniscourt 0.99686277 345 241 380 292
tenniscourt 0.9949018 356 306 393 359
ship 0.025456132 163 336 195 365
tenniscourt 0.024204446 353 199 400 241
storagetank 0.015257968 283 317 319 365
storagetank 0.014044328 356 358 398 398
storagetank 0.012513765 317 360 360 400
airplane 0.011972046 151 360 208 396
storagetank 0.010517994 358 40 399 83
airplane 0.008758088 357 0 401 42
baseball 0.0068667526 355 158 399 204
ship 0.005941514 166 314 190 341
storagetank 0.0053482763 358 118 401 164
airplane 0.0052971244 -1 319 42 363
storagetank 0.005214654 357 76 401 120
airplane 0.0039658626 1 279 43 322
airplane 0.003313635 119 315 163 359
airplane 0.0030832568 38 321 83 365
airplane 0.0030759254 315 3 360 42
storagetank 0.0026685353 377 248 398 279
bridge 0.0022283187 296 209 473 379
airplane 0.0016996849 73 358 119 399
storagetank 0.0014970081 239 315 284 363
baseball 0.0014922303 1 2 51 39
storagetank 0.001289717 311 163 341 191
airplane 0.0011265932 39 275 86 321
ship 0.0011136938 163 292 194 318
ship 0.0010747444 352 289 400 309
