basketball 0.99972576 234 164 330 221
basketball 0.99495536 236 263 342 323
harbor 0.040981613 327 158 396 254
ship 0.025799727 96 252 179 324
groundtrackfield 0.025689105 105 132 460 464
harbor 0.02217319 233 319 344 387
airplane 0.015563733 36 356 80 397
airplane 0.013067494 236 6 292 48
airplane 0.012542629 39 320 80 362
airplane 0.011363589 75 357 122 396
airplane 0.011214922 38 238 83 289
vehicle 0.011011535 154 73 200 118
airplane 0.01087057 -1 356 41 398
airplane 0.01055138 0 319 39 362
airplane 0.010106045 77 317 123 358
storagetank 0.009816137 353 77 397 121
airplane 0.009176653 37 201 82 241
tenniscourt 0.00895261 203 264 239 329
airplane 0.008417231 354 1 399 41
vehicle 0.00792192 72 154 122 203
airplane 0.007711915 353 39 396 82
vehicle 0.007611353 115 75 160 119
vehicle 0.007552418 201 36 243 82
airplane 0.007508971 0 276 39 321
storagetank 0.007254071 241 74 279 130
airplane 0.0072143357 72 3 129 39
airplane 0.006648563 1 38 39 81
airplane 0.0062186546 37 40 79 80
airplane 0.0060869656 115 357 163 395
airplane 0.0058651217 1 75 39 119
airplane 0.005121758 37 76 81 118
vehicle 0.0047146934 74 79 123 120
vehicle 0.0042540217 111 121 161 161
vehicle 0.004205352 151 45 207 79
storagetank 0.0040788236 278 78 324 126
airplane 0.0038373747 156 0 202 40
airplane 0.0038243327 0 199 40 242
tenniscourt 0.0038013833 261 120 331 156
tenniscourt 0.0033684003 208 151 244 216
bridge 0.003232417 142 -25 319 131
airplane 0.0031950714 40 118 83 164
storagetank 0.0029135658 273 30 316 79
airplane 0.0026112748 0 117 38 164
airplane 0.0025706722 0 0 42 43
vehicle 0.002550996 115 42 158 82
airplane 0.0024945175 156 318 199 364
ship 0.0021416356 154 154 193 211
storagetank 0.0018064178 357 119 402 160
