airplane 0.9999113 64 211 131 268
airplane 0.99989426 96 11 144 60
airplane 0.9998568 161 13 215 60
airplane 0.99980634 58 294 130 354
airplane 0.01684463 162 309 255 389
airplane 0.0112895705 357 240 399 280
airplane 0.010762247 358 39 397 82
airplane 0.009187342 272 5 325 41
airplane 0.009003872 357 279 399 320
airplane 0.008994443 314 37 357 81
airplane 0.008683897 219 154 315 248
airplane 0.008593403 238 357 283 396
airplane 0.008503303 356 1 399 42
airplane 0.008500555 161 235 258 320
airplane 0.007734985 354 199 397 240
airplane 0.0076801796 356 79 397 121
airplane 0.0075265937 354 119 397 160
airplane 0.0061382027 353 160 397 200
airplane 0.006102373 -1 3 84 84
airplane 0.0055314517 279 357 322 396
airplane 0.005151455 314 76 361 119
airplane 0.0051058414 67 159 129 194
airplane 0.004776843 5 153 84 244
vehicle 0.004753632 238 119 285 162
airplane 0.0047133807 240 317 284 359
airplane 0.004145421 2 84 80 164
airplane 0.004089934 321 279 360 321
airplane 0.003532546 279 319 321 360
vehicle 0.0032261072 197 115 240 163
airplane 0.0031973138 318 357 362 397
airplane 0.002853588 64 359 128 397
airplane 0.0027948576 276 279 320 321
airplane 0.0027593826 323 242 361 282
airplane 0.0026869937 322 321 362 362
airplane 0.0025750287 1 236 42 285
airplane 0.002528844 358 319 398 360
vehicle 0.0019831832 276 243 320 283
airplane 0.0019445023 77 107 122 163
airplane 0.001686525 357 356 399 398
airplane 0.0015199041 282 71 320 123
airplane 0.0014592563 156 114 199 165
airplane 0.0013480502 116 108 159 164
bridge 0.0011506189 209 -10 382 132
