ship 0.9955498 150 263 249 344
ship 0.83753777 8 63 79 161
ship 0.07946552 70 320 138 377
ship 0.07460621 270 238 332 290
ship 0.030601634 36 277 81 342
airplane 0.021795979 320 40 365 79
bridge 0.0188477 106 156 268 252
airplane 0.015449265 315 76 366 125
vehicle 0.013311668 272 111 328 158
vehicle 0.010502982 244 75 288 124
airplane 0.010145605 320 3 364 41
airplane 0.009787721 157 6 207 44
airplane 0.009020621 274 42 326 77
vehicle 0.007857714 273 156 329 196
vehicle 0.007746204 156 41 205 80
ship 0.0068310164 2 276 42 337
airplane 0.006511268 115 6 162 44
airplane 0.006432886 276 4 324 40
vehicle 0.006145121 154 73 205 117
bridge 0.0056298063 215 56 385 215
airplane 0.0048263012 239 3 283 42
airplane 0.0046057273 200 2 236 53
ship 0.004581721 332 123 362 148
vehicle 0.0044318233 199 109 235 161
airplane 0.0042547993 357 116 397 163
ship 0.0041273227 277 354 325 395
ship 0.0041138367 25 357 90 395
airplane 0.0037580477 -79 -41 113 88
storagetank 0.0035825314 82 377 107 398
storagetank 0.0035190866 -1 0 41 42
vehicle 0.003342521 117 38 162 79
vehicle 0.0031691259 34 1 85 39
vehicle 0.002844524 159 111 198 161
ship 0.0022811412 67 78 126 125
vehicle 0.002188645 356 156 397 201
ship 0.0020512892 361 235 396 294
ship 0.0018418939 316 361 372 395
ship 0.0017321348 118 112 160 164
vehicle 0.0013514219 73 200 123 239
ship 0.0011927515 2 190 37 241
