groundtrackfield 0.9999976 38 91 322 376
baseball 0.9991166 273 8 364 74
baseball 0.12648994 315 212 382 294
airplane 0.008996097 351 319 398 363
baseball 0.00773271 72 2 118 44
airplane 0.0073331185 0 40 40 81
airplane 0.0051296903 0 0 42 43
storagetank 0.0046647354 350 276 400 320
bridge 0.0037378324 3 -64 189 93
bridge 0.0036560767 143 26 289 121
airplane 0.0027720751 0 78 42 124
airplane 0.0027176682 -3 358 40 399
bridge 0.0025401153 232 84 372 184
airplane 0.0025114228 356 157 399 200
storagetank 0.002492914 117 1 163 44
airplane 0.0023732765 354 118 397 158
airplane 0.002072754 353 0 399 45
airplane 0.0020116505 37 40 82 80
airplane 0.0012150261 -86 309 113 453
