bridge 0.98977697 80 48 244 140
bridge 0.90690506 125 265 263 356
basketball 0.044355385 245 204 280 268
ship 0.010761963 360 278 398 325
ship 0.010238522 361 75 397 127
ship 0.009178834 360 236 397 283
bridge 0.007988777 127 164 265 239
vehicle 0.0066518798 361 157 398 206
ship 0.006527303 277 78 322 123
airplane 0.0052056923 319 283 362 322
vehicle 0.005148516 319 78 362 121
airplane 0.0047331853 356 0 401 41
airplane 0.0041264603 357 320 398 361
airplane 0.0039570946 317 3 364 41
vehicle 0.0036902276 318 118 360 159
ship 0.003360856 1 276 38 325
airplane 0.0033209154 320 240 362 277
airplane 0.003149253 -2 357 41 400
vehicle 0.0031428526 318 41 362 77
vehicle 0.0026312035 275 119 323 159
airplane 0.002622552 277 3 323 40
airplane 0.0026048138 318 321 361 362
vehicle 0.0025331585 322 201 364 241
airplane 0.002223789 357 357 400 399
ship 0.0019821925 1 234 37 283
bridge 0.001972929 295 213 472 397
vehicle 0.0019192869 319 160 362 200
airplane 0.0018799773 317 357 362 396
vehicle 0.0015355964 275 159 323 196
harbor 0.0013369521 2 -11 87 80
ship 0.0011599113 35 362 88 398
vehicle 0.001046617 276 202 321 242
ship 0.0010375165 36 283 88 321
