airplane 0.99819034 263 115 325 181
airplane 0.9960353 23 165 93 218
airplane 0.9888482 294 202 364 272
airplane 0.9844499 239 266 313 347
airplane 0.03349954 151 300 254 386
airplane 0.026934078 111 47 164 86
airplane 0.026227782 356 199 398 250
airplane 0.014606992 7 72 78 164
airplane 0.0138765555 313 88 397 170
airplane 0.010062932 111 3 167 37
airplane 0.008625948 1 309 89 398
airplane 0.008446649 354 277 402 321
airplane 0.008427374 353 156 399 200
airplane 0.007983794 352 317 399 363
airplane 0.0076948926 312 -2 402 81
airplane 0.006234473 157 43 199 85
airplane 0.005838671 131 92 232 173
airplane 0.0046489676 235 0 327 82
airplane 0.004584597 316 356 363 396
airplane 0.0044870446 36 38 77 80
airplane 0.004221986 35 3 80 42
airplane 0.0035591791 82 72 127 122
airplane 0.0033628962 1 38 40 79
airplane 0.0029821626 0 1 42 43
airplane 0.0028520827 77 279 120 321
airplane 0.0025497088 236 359 284 400
airplane 0.002502463 201 38 241 80
vehicle 0.0024014302 151 159 204 197
vehicle 0.0021976787 150 203 204 241
airplane 0.0020637608 274 76 326 118
vehicle 0.0018521696 152 240 207 282
airplane 0.0017940309 197 2 242 42
airplane 0.0015701806 117 279 158 324
airplane 0.0015243945 278 360 324 397
