baseball 0.99700075 105 102 158 143
ship 0.022695506 187 226 215 258
airplane 0.018188518 107 316 156 362
airplane 0.015891964 113 356 161 395
harbor 0.015149028 7 221 74 327
harbor 0.011874043 203 7 334 73
bridge 0.011313509 30 30 148 125
ship 0.010877592 361 73 398 123
ship 0.009830264 57 170 86 195
harbor 0.009535456 78 226 167 316
airplane 0.009122098 357 1 401 42
ship 0.009028241 361 156 397 205
airplane 0.008483599 158 355 201 396
ship 0.008451327 359 274 395 324
baseball 0.008300285 210 92 326 165
ship 0.0075515034 151 323 205 358
airplane 0.0073443353 317 4 362 43
ship 0.007039882 192 362 247 394
airplane 0.0066436357 39 356 82 397
ship 0.0064897877 272 326 325 359
airplane 0.006438984 -1 356 42 398
vehicle 0.006287471 309 40 361 74
airplane 0.0051385798 81 349 118 398
vehicle 0.0049471385 314 77 358 119
vehicle 0.0040803757 316 117 358 159
ship 0.0040484252 284 231 317 285
bridge 0.0039752577 205 234 385 382
airplane 0.0036193493 44 315 82 363
ship 0.0033494143 324 276 362 326
ship 0.0033442162 242 321 279 373
ship 0.00319094 70 172 184 238
airplane 0.002852694 276 354 321 397
airplane 0.0028102028 0 319 39 361
vehicle 0.0025938165 317 161 362 200
ship 0.0023800295 316 323 369 356
vehicle 0.0023083328 318 201 365 239
baseball 0.0019608468 0 40 52 81
ship 0.0019082496 315 363 367 399
baseball 0.0018638473 -1 0 43 42
bridge 0.0015204918 295 14 470 184
groundtrackfield 0.0013155068 -101 179 171 577
vehicle 0.0012725494 241 224 276 280
baseball 0.0011033698 36 2 87 43
ship 0.0010963671 362 353 398 406
storagetank 0.001043063 115 5 159 44
