baseball 0.99994445 173 108 252 179
tenniscourt 0.99979657 36 228 116 263
tenniscourt 0.99948114 36 159 115 187
tenniscourt 0.9969977 36 195 116 222
tenniscourt 0.9961062 37 125 116 154
tenniscourt 0.12361703 33 76 118 120
tenniscourt 0.027736615 119 110 164 165
bridge 0.021596221 50 55 375 319
tenniscourt 0.020588806 4 112 42 160
tenniscourt 0.017939854 1 192 44 241
tenniscourt 0.013492315 114 235 166 282
airplane 0.011663801 317 359 363 397
harbor 0.010267032 151 322 247 392
airplane 0.009012661 279 358 323 398
tenniscourt 0.008494905 -1 236 43 283
baseball 0.00811905 314 76 401 164
tenniscourt 0.007904277 65 282 125 317
baseball 0.0069316267 305 -2 398 85
airplane 0.0063885027 357 357 399 398
tenniscourt 0.006166642 238 96 312 192
baseball 0.0053992686 315 149 395 255
airplane 0.005021524 319 324 362 360
airplane 0.004907687 358 321 398 360
groundtrackfield 0.0041696844 -52 126 89 300
airplane 0.003929634 236 358 281 398
baseball 0.0038297013 157 -4 243 74
vehicle 0.0036107427 360 235 396 287
airplane 0.0036068491 280 321 321 359
ship 0.0032241512 137 334 170 358
airplane 0.0025410943 7 313 86 396
airplane 0.0019255724 237 320 280 358
storagetank 0.0018999061 5 8 94 85
bridge 0.0016868316 206 275 383 422
vehicle 0.0016297472 316 280 362 319
vehicle 0.0015393867 318 242 365 283
airplane 0.0015329374 74 360 123 402
vehicle 0.0013869274 278 239 321 283
airplane 0.0012369291 73 314 122 356
airplane 0.0011606684 274 198 323 239
