baseball 0.9999633 258 70 328 134
baseball 0.9996406 119 270 240 370
airplane 0.009932178 268 284 329 319
bridge 0.007762464 36 43 239 246
vehicle 0.0066718315 71 81 122 125
airplane 0.0060777324 268 320 321 361
airplane 0.005839006 37 39 79 76
airplane 0.0055382443 75 42 119 78
baseball 0.005389951 307 11 394 88
airplane 0.005011459 1 39 40 79
airplane 0.0048998157 -2 277 44 325
airplane 0.004286561 76 4 121 42
airplane 0.004180636 -3 356 42 399
bridge 0.0038219173 223 221 374 382
airplane 0.0037569911 36 4 81 42
airplane 0.0036673325 270 361 330 396
airplane 0.003505437 319 279 367 320
airplane 0.0034319812 1 76 39 123
airplane 0.0031396302 0 1 42 43
airplane 0.0031239039 35 201 85 242
airplane 0.0028566439 36 278 85 326
airplane 0.0027665154 0 237 42 283
airplane 0.0023212025 260 125 341 196
airplane 0.0020426423 355 240 399 280
airplane 0.001799536 0 196 40 240
vehicle 0.0017066695 114 73 158 122
groundtrackfield 0.0016066771 -100 265 126 489
airplane 0.0015488944 116 3 162 41
airplane 0.0015084846 152 76 206 118
airplane 0.0014409277 36 318 85 367
airplane 0.0014146239 354 197 399 241
airplane 0.0012543955 116 42 160 80
