baseball 0.999954 84 249 152 319
baseball 0.99993384 202 219 273 285
baseball 0.9994067 117 54 222 132
bridge 0.013956674 218 28 381 185
ship 0.0122852 359 35 395 85
airplane 0.012237742 31 4 85 40
airplane 0.011331717 354 0 400 41
ship 0.010849155 280 71 318 126
airplane 0.010153542 37 77 85 127
airplane 0.010147199 37 38 85 80
airplane 0.006543581 276 1 325 38
tenniscourt 0.0061382637 6 236 87 318
airplane 0.005821877 318 39 366 78
airplane 0.005153872 77 3 124 44
vehicle 0.00504005 360 113 398 163
airplane 0.0047976687 311 241 363 281
storagetank 0.0047637876 277 39 326 75
airplane 0.00456145 357 198 402 242
airplane 0.004505603 198 272 284 343
airplane 0.0040549254 0 38 41 82
airplane 0.003953638 0 75 41 125
baseball 0.0039236513 156 0 208 41
airplane 0.0039023666 358 238 402 283
harbor 0.0035829674 110 145 220 208
airplane 0.0035229297 40 157 85 205
ship 0.0032585831 268 120 329 157
bridge 0.0031651214 -29 -24 137 142
airplane 0.0027382632 -1 355 40 399
airplane 0.0026162334 -3 159 40 203
airplane 0.0025057266 320 76 364 120
bridge 0.002486686 252 174 411 338
airplane 0.0023650166 -3 201 41 244
storagetank 0.0022792697 236 2 282 40
airplane 0.0022616165 308 198 360 239
airplane 0.001541805 310 313 404 401
airplane 0.0015286731 357 279 400 321
storagetank 0.0013816744 0 304 11 316
airplane 0.0012204208 314 281 362 320
