baseball 0.99977535 130 222 283 360
bridge 0.17624621 10 58 132 201
bridge 0.018288085 20 258 149 347
ship 0.015682017 57 293 86 321
bridge 0.014060249 184 60 347 147
airplane 0.012824015 277 3 324 41
airplane 0.011011244 359 39 399 80
airplane 0.010984746 358 1 401 41
airplane 0.010283787 281 40 326 79
airplane 0.0095597245 236 1 285 38
airplane 0.008248313 319 4 361 41
airplane 0.008212754 358 77 397 120
airplane 0.0072672004 358 232 397 284
airplane 0.0069365 319 39 359 79
ship 0.0067675137 29 44 86 78
airplane 0.006728918 355 160 400 199
airplane 0.0066645197 235 46 285 83
vehicle 0.00659583 361 114 398 164
airplane 0.005868147 34 3 79 42
ship 0.005508062 60 271 83 298
airplane 0.0041722683 -3 318 40 364
airplane 0.0038891328 78 1 121 41
ship 0.003691246 -1 272 39 325
airplane 0.0035691995 319 75 360 122
ship 0.0032928807 227 81 254 112
storagetank 0.002689452 357 279 401 321
airplane 0.0022143417 195 1 243 38
airplane 0.0016960687 271 239 353 321
airplane 0.001263832 320 116 362 158
ship 0.0011373693 38 253 64 276
airplane 0.001108932 153 3 202 40
ship 0.0010591823 113 337 254 434
