groundtrackfield 1.0 59 10 321 279
baseball 0.99978894 217 295 314 387
airplane 0.013916422 36 357 80 398
storagetank 0.009622194 351 121 400 163
baseball 0.00860737 349 237 402 284
airplane 0.008241782 -2 355 41 398
airplane 0.0079538375 39 319 81 360
vehicle 0.0077466764 34 279 90 316
baseball 0.0077385544 350 199 403 244
airplane 0.006954147 78 358 123 398
storagetank 0.0064326697 350 158 400 202
airplane 0.0062743127 354 3 400 43
storagetank 0.005669844 354 80 401 119
airplane 0.004742188 354 38 399 78
airplane 0.004509989 0 318 39 362
airplane 0.004341364 0 274 38 320
airplane 0.0041547623 78 318 122 359
bridge 0.003002681 -18 224 152 372
storagetank 0.0027002026 349 318 400 366
storagetank 0.0025581464 349 276 402 322
airplane 0.002117182 302 59 465 253
airplane 0.001652992 117 354 165 395
airplane 0.0016156853 119 315 165 361
airplane 0.0015868096 -65 12 93 188
