basketball 0.9787249 197 192 303 279
bridge 0.54790235 192 14 268 95
harbor 0.033044886 313 159 396 243
bridge 0.025050895 69 63 170 133
harbor 0.018478146 189 82 321 149
airplane 0.011794655 317 354 363 395
storagetank 0.008566475 353 237 398 282
baseball 0.008326973 312 -6 402 86
airplane 0.007696011 279 353 324 395
airplane 0.0076507637 357 319 397 363
airplane 0.007013565 36 359 83 399
harbor 0.0066375593 317 76 397 168
bridge 0.006358206 22 150 183 303
airplane 0.0061831716 71 319 120 358
ship 0.0050522457 77 233 115 290
airplane 0.004091669 -2 357 41 399
airplane 0.0039391345 355 276 399 318
airplane 0.0038186167 199 355 244 397
airplane 0.003601975 -2 319 39 361
airplane 0.0035944667 -3 276 39 321
airplane 0.0033707926 237 352 281 396
ship 0.0033620442 70 3 125 37
airplane 0.0032939734 -1 237 39 283
tenniscourt 0.0031976146 163 185 198 251
airplane 0.0029236777 0 1 40 43
airplane 0.0023507501 0 39 36 81
airplane 0.002097098 39 239 83 284
ship 0.001923442 0 74 35 128
airplane 0.0018832943 116 359 161 399
airplane 0.0018822666 159 357 203 399
ship 0.0018702212 275 4 333 41
airplane 0.001544355 117 315 160 358
airplane 0.001305337 0 198 39 242
ship 0.0013000737 293 79 319 105
ship 0.0012502803 33 42 85 78
ship 0.0011555981 81 157 117 206
airplane 0.0010217193 112 275 160 319
