baseball 0.40404922 85 50 251 187
ship 0.017436193 159 197 280 246
ship 0.012754732 277 108 319 167
airplane 0.011790092 271 42 322 79
airplane 0.0077226176 307 163 397 245
ship 0.007105344 360 230 395 281
airplane 0.007063444 319 3 367 40
airplane 0.0067879963 306 77 402 162
airplane 0.0067775464 275 3 324 39
airplane 0.006317378 320 40 366 79
airplane 0.0060898596 1 76 39 123
ship 0.0057753786 315 225 342 252
airplane 0.0057110144 -4 316 83 404
airplane 0.0054400847 -1 41 38 82
ship 0.005373748 284 199 320 253
airplane 0.004924092 360 -3 396 49
airplane 0.004902139 -5 234 80 317
airplane 0.004727474 356 320 397 362
vehicle 0.004665486 356 281 399 320
airplane 0.0044604708 237 356 283 396
airplane 0.0042712144 0 153 80 245
ship 0.0037601874 69 331 180 400
airplane 0.0036784285 -1 0 41 41
ship 0.0035080977 73 281 119 319
airplane 0.003412182 278 356 322 397
airplane 0.0031379263 356 356 399 399
bridge 0.0030456348 148 236 254 307
airplane 0.0026954622 319 357 362 397
airplane 0.0025940014 0 116 39 160
airplane 0.0025015443 37 1 83 40
airplane 0.0019651179 323 323 363 364
vehicle 0.0017718895 241 229 278 283
vehicle 0.001529278 316 282 362 319
ship 0.0011253512 147 202 172 233
airplane 0.0010482745 280 321 320 363
