groundtrackfield 0.9999479 70 76 237 382
baseball 0.9996511 214 16 289 79
baseball 0.99957293 273 166 364 236
bridge 0.01237007 287 37 394 137
bridge 0.011491627 -27 84 119 178
airplane 0.009959689 264 358 327 393
storagetank 0.009759487 296 236 397 315
storagetank 0.00891566 0 319 42 362
airplane 0.0066136946 -2 357 41 399
airplane 0.0039564935 0 38 41 79
ship 0.003318705 -30 -18 42 29
storagetank 0.0028117918 0 278 44 320
ship 0.0027828498 99 91 181 135
tenniscourt 0.002175465 353 186 396 246
airplane 0.002141233 353 0 399 42
airplane 0.002060594 72 5 125 41
airplane 0.0018603802 222 78 306 148
airplane 0.0016895278 36 3 80 43
ship 0.001518346 293 122 370 168
storagetank 0.0014751337 1 239 46 280
vehicle 0.0013944927 170 278 234 347
bridge 0.001388313 0 -1 9 12
ship 0.0010297254 41 98 65 128
