tenniscourt 0.9995815 108 126 151 205
tenniscourt 0.999329 158 130 203 210
tenniscourt 0.99678135 58 120 102 200
basketball 0.9614498 220 125 290 221
ship 0.013281346 154 321 214 363
airplane 0.012688744 357 36 399 80
baseball 0.012305184 310 157 398 253
ship 0.012222114 73 323 129 358
airplane 0.011468099 77 356 124 398
airplane 0.008582539 355 1 400 43
vehicle 0.007969645 317 39 361 79
harbor 0.007372669 5 144 73 249
harbor 0.006622356 164 242 239 334
harbor 0.0059608654 7 233 80 340
bridge 0.005892795 13 94 394 338
airplane 0.0056914464 356 279 399 320
storagetank 0.0055912402 312 86 406 167
vehicle 0.005348626 359 235 397 286
airplane 0.0052668247 279 359 324 399
baseball 0.0045334515 234 -1 319 79
airplane 0.0045326236 192 354 241 398
airplane 0.0044398773 318 358 362 397
airplane 0.003991954 356 321 397 361
airplane 0.0038545963 -3 356 42 399
airplane 0.0035438435 37 356 81 399
airplane 0.0031136007 357 356 399 398
airplane 0.0030364317 238 358 283 400
airplane 0.0026816907 321 323 362 362
airplane 0.0023691403 280 318 321 358
airplane 0.0023681105 0 319 42 361
airplane 0.0021397716 289 -65 467 105
harbor 0.0020791148 235 234 322 317
airplane 0.0019859665 236 314 279 358
airplane 0.0019005854 320 279 361 321
baseball 0.0018715513 150 1 245 77
airplane 0.0012303032 319 241 362 281
