bridge 0.9477399 114 38 336 132
bridge 0.8969543 118 196 303 281
harbor 0.3323207 69 134 159 216
ship 0.03541297 222 275 310 332
harbor 0.010835792 312 3 397 92
ship 0.010668031 358 236 397 286
harbor 0.0074695786 0 56 71 171
airplane 0.0059323856 0 198 40 243
airplane 0.005646062 0 158 39 203
airplane 0.0055858395 0 236 40 280
airplane 0.005167329 -8 313 80 404
airplane 0.0037057418 0 0 42 42
vehicle 0.002996975 355 157 400 198
airplane 0.002754329 -1 280 39 322
airplane 0.0027398146 357 320 399 361
airplane 0.0024306306 356 357 399 398
vehicle 0.0023431156 363 70 399 129
airplane 0.002168374 36 236 85 281
airplane 0.0021534225 37 4 88 46
airplane 0.0018197744 316 357 362 397
ship 0.0017630232 72 316 120 359
airplane 0.0017078731 74 358 122 401
airplane 0.0014159617 319 322 363 363
vehicle 0.001383562 317 242 365 283
vehicle 0.001347837 273 318 321 360
groundtrackfield 0.0011709393 -145 -119 208 191
ship 0.0010375837 139 327 273 397
