basketball 0.9807252 200 143 266 239
basketball 0.9211519 131 150 199 240
groundtrackfield 0.010676796 85 68 478 362
bridge 0.010642831 14 31 178 174
harbor 0.009816377 325 141 395 246
airplane 0.008429494 274 0 328 35
harbor 0.0072484487 4 148 69 258
airplane 0.006502224 356 77 399 122
airplane 0.006056388 275 360 323 398
bridge 0.0056810025 231 58 371 147
airplane 0.0054995953 355 1 398 42
airplane 0.005086312 358 278 398 319
ship 0.0047087437 71 364 126 398
airplane 0.004520893 358 319 398 359
ship 0.0041631195 78 70 116 130
airplane 0.0040733996 357 358 399 398
airplane 0.0040573813 317 359 362 398
airplane 0.0034699105 357 241 400 281
airplane 0.003465139 271 315 319 358
airplane 0.0034129103 319 319 360 361
airplane 0.0033253569 197 1 242 41
tenniscourt 0.0030527974 75 153 117 203
airplane 0.002920603 356 39 398 80
harbor 0.0024100821 284 152 318 207
airplane 0.0024047603 -2 75 39 122
tenniscourt 0.0024026232 138 123 204 157
airplane 0.0023949598 -1 279 39 321
airplane 0.002342748 -2 357 41 399
airplane 0.0021576171 -1 319 40 360
airplane 0.0020474042 36 319 79 358
airplane 0.0020201365 -1 0 41 41
airplane 0.0019987777 318 279 361 320
airplane 0.0019486229 -1 39 38 80
airplane 0.0018638914 38 280 81 322
airplane 0.0018449505 -1 239 39 281
storagetank 0.0017913968 276 46 325 82
airplane 0.001765457 -2 116 39 161
harbor 0.0017534888 280 199 325 244
ship 0.0017503817 71 322 124 354
airplane 0.0016190823 155 360 202 399
harbor 0.0016101128 155 226 238 311
airplane 0.001561622 197 360 242 399
airplane 0.001482887 76 4 124 41
bridge 0.0013228775 15 260 191 416
ship 0.0012466243 68 44 126 76
airplane 0.0011608824 38 238 83 279
airplane 0.0011329909 157 2 203 42
ship 0.0010111646 293 82 316 109
