groundtrackfield 1.0 91 78 335 373
airplane 0.011858752 0 39 40 82
airplane 0.00958361 76 7 123 45
airplane 0.0077045187 41 37 80 80
airplane 0.0071052033 0 318 41 364
airplane 0.0060608764 -1 3 42 43
storagetank 0.0040701996 0 279 41 323
airplane 0.0039773365 39 4 81 43
bridge 0.003529214 -72 257 104 425
bridge 0.0034396597 -28 -13 152 147
baseball 0.0031101657 37 354 84 396
airplane 0.0023037756 42 73 85 121
storagetank 0.0017068734 0 239 40 281
airplane 0.0016852089 353 -1 400 42
airplane 0.0016836036 0 116 38 161
airplane 0.0015818172 116 6 162 45
