groundtrackfield 0.9999964 43 24 316 300
airplane 0.0064152665 357 1 399 41
ship 0.006328601 33 363 88 399
airplane 0.006103327 -3 357 40 401
ship 0.00497967 0 317 38 363
ship 0.0038855062 360 236 397 283
airplane 0.0037672855 357 42 397 81
ship 0.0034444062 34 321 87 354
airplane 0.0030582165 318 3 361 40
ship 0.0030486626 358 277 395 326
bridge 0.0028613475 -29 262 140 428
airplane 0.0027613514 355 77 396 119
airplane 0.002112007 356 199 399 240
airplane 0.0015420414 355 120 397 161
airplane 0.001441982 356 159 398 201
ship 0.0013747357 0 275 38 322
airplane 0.0012104835 319 43 361 80
